29.605433
26.628357
35.559586
41.513739
20.674204
2.811745
11.742974
29.605433
35.559586
32.582510
41.513739
60.864737
54.910584
35.559586
26.628357
26.628357
38.536663
48.956431
32.582510
32.582510
41.513739
35.559586
26.628357
20.674204
29.605433
23.651280
-0.165332
-0.165332
17.697127
20.674204
-0.165332
-12.073638
-0.165332
-0.165332
-12.073638
-6.119485
-6.119485
-18.027791
-15.050714
-9.096561
-18.027791
-23.981944
-26.959020
-29.936097
-18.027791
-15.050714
-0.165332
17.697127
-9.096561
-26.959020
-0.165332
-15.050714
-38.867326
-41.844403
-41.844403
-41.844403
-38.867326
-38.867326
-35.890250
-18.027791
-3.142408
-9.096561
-12.073638
-9.096561
-6.119485
-3.142408
-6.119485
-9.096561
11.742974
11.742974
-9.096561
-9.096561
-6.119485
-3.142408
-15.050714
-23.981944
-9.096561
-0.165332
-6.119485
-18.027791
-9.096561
11.742974
17.697127
11.742974
11.742974
17.697127
11.742974
17.697127
23.651280
11.742974
23.651280
20.674204
17.697127
41.513739
17.697127
-9.096561
-9.096561
-15.050714
-6.119485
8.765898
5.788821
-0.165332
-0.165332
5.788821
-0.165332
-18.027791
-15.050714
-12.073638
-21.004867
-21.004867
-26.959020
-35.890250
-26.959020
-35.890250
-44.821479
-18.027791
-12.073638
-15.050714
-12.073638
-26.959020
-32.913173
-35.890250
-41.844403
-49.287094
-41.844403
-29.936097
-41.844403
-41.844403
-32.913173
-32.913173
-29.936097
-49.287094
-49.287094
-49.287094
-44.821479
-29.936097
-32.913173
-21.004867
-3.142408
-9.096561
-0.165332
-3.142408
-15.050714
-12.073638
-12.073638
-23.981944
-21.004867
-15.050714
-26.959020
-26.959020
-12.073638
-18.027791
-9.096561
-12.073638
-18.027791
-6.119485
-12.073638
-9.096561
8.765898
5.788821
-6.119485
8.765898
8.765898
8.765898
32.582510
44.490816
32.582510
23.651280
35.559586
26.628357
8.765898
17.697127
29.605433
26.628357
20.674204
32.582510
35.559586
32.582510
32.582510
26.628357
8.765898
8.765898
17.697127
11.742974
17.697127
26.628357
26.628357
17.697127
17.697127
20.674204
14.720051
26.628357
23.651280
14.720051
23.651280
29.605433
32.582510
17.697127
5.788821
2.811745
-0.165332
14.720051
23.651280
11.742974
14.720051
23.651280
26.628357
20.674204
32.582510
41.513739
41.513739
54.910584
72.773043
84.681349
90.635502
84.681349
84.681349
84.681349
96.589655
108.497961
102.543808
96.589655
108.497961
108.497961
120.406267
126.360420
114.452114
126.360420
132.314573
114.452114
126.360420
126.360420
114.452114
120.406267
108.497961
96.589655
84.681349
72.773043
78.727196
72.773043
54.910584
35.559586
11.742974
-3.142408
-23.981944
-32.913173
-61.195400
-90.966165
-90.966165
-96.920318
-102.874471
-114.782777
-126.691083
-147.530619
-171.347231
-183.255537
-183.255537
-195.163843
-207.072149
-230.888761
-230.888761
-218.980455
-218.980455
-218.980455
-207.072149
-218.980455
-218.980455
-218.980455
-242.797067
-242.797067
-230.888761
-230.888761
-218.980455
-195.163843
-195.163843
-207.072149
-195.163843
-195.163843
-207.072149
-183.255537
-159.438925
-138.599389
-114.782777
-96.920318
-79.057859
-85.012012
-90.966165
-73.103706
-61.195400
-61.195400
-49.287094
-44.821479
-26.959020
-3.142408
-6.119485
-9.096561
-0.165332
8.765898
17.697127
11.742974
23.651280
66.818890
72.773043
72.773043
84.681349
90.635502
96.589655
90.635502
72.773043
84.681349
96.589655
108.497961
126.360420
114.452114
90.635502
108.497961
102.543808
84.681349
78.727196
72.773043
72.773043
78.727196
72.773043
66.818890
41.513739
38.536663
29.605433
14.720051
32.582510
35.559586
32.582510
48.956431
54.910584
44.490816
44.490816
66.818890
78.727196
78.727196
78.727196
108.497961
147.199956
182.924874
206.741486
218.649792
254.374710
290.099628
290.099628
313.916240
367.503617
391.320230
415.136842
415.136842
438.953454
462.770066
462.770066
462.770066
415.136842
415.136842
415.136842
391.320230
367.503617
367.503617
343.687005
302.007934
278.191322
254.374710
230.558098
206.741486
171.016568
120.406267
84.681349
54.910584
29.605433
-12.073638
-49.287094
-85.012012
-138.599389
-159.438925
-195.163843
-218.980455
-230.888761
-254.705373
-290.430291
-314.246904
-302.338598
-326.155210
-367.834281
-367.834281
-391.650893
-367.834281
-367.834281
-367.834281
-367.834281
-344.017669
-367.834281
-367.834281
-367.834281
-344.017669
-344.017669
-344.017669
-344.017669
-326.155210
-302.338598
-302.338598
-290.430291
-290.430291
-290.430291
-290.430291
-254.705373
-254.705373
-230.888761
-207.072149
-195.163843
-171.347231
-159.438925
-147.530619
-132.645236
-132.645236
-114.782777
-90.966165
-79.057859
-67.149553
-55.241247
-38.867326
-44.821479
-49.287094
-26.959020
-15.050714
-9.096561
-3.142408
-0.165332
14.720051
17.697127
14.720051
32.582510
41.513739
44.490816
48.956431
54.910584
60.864737
48.956431
54.910584
48.956431
48.956431
54.910584
32.582510
20.674204
23.651280
11.742974
-0.165332
-18.027791
-18.027791
-3.142408
-0.165332
-12.073638
-26.959020
-35.890250
-26.959020
-9.096561
-0.165332
-9.096561
-21.004867
-0.165332
17.697127
20.674204
38.536663
38.536663
23.651280
32.582510
54.910584
66.818890
72.773043
60.864737
48.956431
60.864737
72.773043
72.773043
84.681349
78.727196
78.727196
78.727196
72.773043
72.773043
66.818890
72.773043
60.864737
38.536663
32.582510
44.490816
54.910584
44.490816
26.628357
20.674204
35.559586
66.818890
66.818890
60.864737
96.589655
114.452114
138.268726
182.924874
206.741486
230.558098
290.099628
325.824546
367.503617
391.320230
415.136842
438.953454
486.586678
486.586678
510.403290
534.219902
534.219902
558.036514
534.219902
510.403290
510.403290
486.586678
462.770066
415.136842
391.320230
391.320230
343.687005
302.007934
254.374710
218.649792
171.016568
120.406267
66.818890
38.536663
11.742974
-35.890250
-73.103706
-102.874471
-159.438925
-207.072149
-230.888761
-278.521985
-302.338598
-314.246904
-344.017669
-367.834281
-391.650893
-391.650893
-415.467505
-439.284117
-463.100729
-463.100729
-463.100729
-463.100729
-463.100729
-486.917341
-486.917341
-486.917341
-463.100729
-463.100729
-439.284117
-415.467505
-391.650893
-415.467505
-391.650893
-367.834281
-344.017669
-326.155210
-302.338598
-278.521985
-266.613679
-254.705373
-218.980455
-195.163843
-159.438925
-138.599389
-126.691083
-102.874471
-90.966165
-85.012012
-61.195400
-35.890250
-23.981944
-21.004867
-0.165332
11.742974
17.697127
23.651280
8.765898
14.720051
32.582510
23.651280
29.605433
48.956431
54.910584
60.864737
48.956431
29.605433
32.582510
26.628357
-0.165332
-0.165332
17.697127
-0.165332
-0.165332
-0.165332
-9.096561
-35.890250
-49.287094
-38.867326
-49.287094
-55.241247
-41.844403
-49.287094
-67.149553
-79.057859
-73.103706
-55.241247
-49.287094
-55.241247
-38.867326
-35.890250
-29.936097
-12.073638
-9.096561
-0.165332
5.788821
14.720051
26.628357
26.628357
32.582510
48.956431
60.864737
84.681349
96.589655
90.635502
108.497961
108.497961
90.635502
114.452114
108.497961
90.635502
96.589655
96.589655
96.589655
72.773043
66.818890
54.910584
29.605433
41.513739
54.910584
54.910584
66.818890
54.910584
44.490816
66.818890
96.589655
96.589655
120.406267
171.016568
182.924874
194.833180
254.374710
325.824546
367.503617
391.320230
438.953454
486.586678
534.219902
581.853126
605.669738
653.302962
653.302962
653.302962
677.119575
700.936187
700.936187
700.936187
677.119575
677.119575
629.486350
605.669738
581.853126
534.219902
462.770066
415.136842
343.687005
266.283016
206.741486
147.199956
78.727196
38.536663
-9.096561
-67.149553
-120.736930
-171.347231
-242.797067
-302.338598
-344.017669
-367.834281
-415.467505
-439.284117
-486.917341
-510.733953
-558.367177
-582.183790
-582.183790
-606.000402
-582.183790
-582.183790
-606.000402
-606.000402
-582.183790
-582.183790
-606.000402
-606.000402
-606.000402
-582.183790
-558.367177
-534.550565
-510.733953
-510.733953
-486.917341
-463.100729
-415.467505
-391.650893
-367.834281
-344.017669
-314.246904
-302.338598
-266.613679
-242.797067
-195.163843
-159.438925
-138.599389
-90.966165
-55.241247
-29.936097
5.788821
17.697127
23.651280
54.910584
60.864737
54.910584
72.773043
90.635502
96.589655
90.635502
114.452114
138.268726
132.314573
114.452114
102.543808
96.589655
102.543808
102.543808
90.635502
96.589655
90.635502
90.635502
84.681349
60.864737
41.513739
29.605433
20.674204
8.765898
17.697127
26.628357
23.651280
23.651280
11.742974
-9.096561
-21.004867
-35.890250
-41.844403
-26.959020
-32.913173
-29.936097
-29.936097
-41.844403
-29.936097
-23.981944
-44.821479
-38.867326
-23.981944
-29.936097
-35.890250
-29.936097
-21.004867
-26.959020
-15.050714
14.720051
14.720051
32.582510
60.864737
60.864737
60.864737
66.818890
60.864737
54.910584
54.910584
54.910584
48.956431
66.818890
66.818890
54.910584
35.559586
11.742974
8.765898
-15.050714
-29.936097
-32.913173
-49.287094
-12.073638
11.742974
8.765898
44.490816
48.956431
29.605433
66.818890
108.497961
126.360420
147.199956
230.558098
302.007934
343.687005
438.953454
486.586678
510.403290
534.219902
581.853126
629.486350
653.302962
677.119575
700.936187
736.661105
736.661105
736.661105
784.294329
736.661105
736.661105
736.661105
677.119575
605.669738
558.036514
510.403290
462.770066
415.136842
343.687005
266.283016
218.649792
159.108262
102.543808
44.490816
-38.867326
-108.828624
-147.530619
-171.347231
-207.072149
-278.521985
-344.017669
-367.834281
-415.467505
-415.467505
-463.100729
-510.733953
-534.550565
-534.550565
-582.183790
-582.183790
-582.183790
-606.000402
-629.817014
-653.633626
-629.817014
-629.817014
-653.633626
-653.633626
-629.817014
-629.817014
-606.000402
-606.000402
-582.183790
-558.367177
-534.550565
-534.550565
-510.733953
-463.100729
-439.284117
-391.650893
-367.834281
-344.017669
-326.155210
-278.521985
-218.980455
-171.347231
-126.691083
-102.874471
-73.103706
-41.844403
-18.027791
5.788821
32.582510
44.490816
66.818890
96.589655
114.452114
126.360420
132.314573
126.360420
132.314573
138.268726
147.199956
159.108262
159.108262
132.314573
138.268726
147.199956
126.360420
132.314573
126.360420
90.635502
72.773043
84.681349
60.864737
41.513739
48.956431
48.956431
35.559586
20.674204
-0.165332
-6.119485
-0.165332
-9.096561
-29.936097
-61.195400
-85.012012
-67.149553
-55.241247
-79.057859
-73.103706
-79.057859
-85.012012
-61.195400
-61.195400
-49.287094
-44.821479
-79.057859
-67.149553
-32.913173
-29.936097
-15.050714
2.811745
17.697127
38.536663
60.864737
66.818890
54.910584
48.956431
48.956431
66.818890
72.773043
84.681349
66.818890
54.910584
72.773043
60.864737
44.490816
29.605433
14.720051
20.674204
2.811745
-9.096561
-0.165332
-0.165332
20.674204
35.559586
26.628357
48.956431
72.773043
90.635502
138.268726
171.016568
182.924874
242.466404
313.916240
367.503617
438.953454
486.586678
534.219902
581.853126
629.486350
677.119575
736.661105
784.294329
784.294329
784.294329
831.927553
831.927553
831.927553
831.927553
831.927553
784.294329
736.661105
736.661105
677.119575
629.486350
534.219902
462.770066
415.136842
343.687005
242.466404
182.924874
132.314573
60.864737
-6.119485
-102.874471
-171.347231
-230.888761
-278.521985
-344.017669
-415.467505
-463.100729
-510.733953
-534.550565
-558.367177
-606.000402
-629.817014
-653.633626
-677.450238
-677.450238
-677.450238
-701.266850
-736.991768
-736.991768
-736.991768
-736.991768
-701.266850
-701.266850
-701.266850
-701.266850
-677.450238
-629.817014
-606.000402
-582.183790
-558.367177
-558.367177
-510.733953
-486.917341
-463.100729
-415.467505
-391.650893
-367.834281
-326.155210
-302.338598
-254.705373
-207.072149
-183.255537
-147.530619
-114.782777
-85.012012
-38.867326
-0.165332
26.628357
48.956431
41.513739
60.864737
90.635502
102.543808
126.360420
147.199956
147.199956
159.108262
171.016568
182.924874
182.924874
171.016568
159.108262
147.199956
132.314573
147.199956
147.199956
126.360420
114.452114
108.497961
96.589655
108.497961
114.452114
84.681349
66.818890
72.773043
66.818890
48.956431
35.559586
35.559586
26.628357
-3.142408
-21.004867
-18.027791
-21.004867
-23.981944
-18.027791
-18.027791
-12.073638
-12.073638
-18.027791
-9.096561
-15.050714
-32.913173
-41.844403
-38.867326
-9.096561
11.742974
11.742974
23.651280
26.628357
38.536663
60.864737
60.864737
54.910584
60.864737
54.910584
54.910584
72.773043
72.773043
60.864737
72.773043
54.910584
26.628357
17.697127
5.788821
14.720051
-0.165332
-26.959020
-9.096561
-23.981944
-26.959020
5.788821
-12.073638
-12.073638
14.720051
17.697127
20.674204
54.910584
114.452114
147.199956
194.833180
242.466404
290.099628
367.503617
462.770066
486.586678
534.219902
581.853126
653.302962
700.936187
784.294329
831.927553
831.927553
831.927553
879.560777
927.194001
927.194001
927.194001
879.560777
831.927553
831.927553
736.661105
700.936187
653.302962
581.853126
486.586678
415.136842
325.824546
242.466404
171.016568
108.497961
29.605433
-49.287094
-126.691083
-183.255537
-254.705373
-314.246904
-391.650893
-463.100729
-510.733953
-534.550565
-558.367177
-606.000402
-653.633626
-677.450238
-736.991768
-736.991768
-736.991768
-736.991768
-736.991768
-784.624992
-784.624992
-784.624992
-736.991768
-736.991768
-736.991768
-736.991768
-736.991768
-701.266850
-677.450238
-653.633626
-653.633626
-629.817014
-582.183790
-534.550565
-510.733953
-463.100729
-439.284117
-391.650893
-367.834281
-344.017669
-302.338598
-242.797067
-218.980455
-195.163843
-132.645236
-85.012012
-29.936097
29.605433
54.910584
90.635502
114.452114
132.314573
147.199956
182.924874
218.649792
206.741486
206.741486
230.558098
218.649792
242.466404
242.466404
206.741486
206.741486
194.833180
171.016568
171.016568
171.016568
147.199956
114.452114
90.635502
72.773043
60.864737
54.910584
26.628357
2.811745
-6.119485
-23.981944
-32.913173
-44.821479
-61.195400
-55.241247
-73.103706
-90.966165
-85.012012
-79.057859
-73.103706
-79.057859
-96.920318
-79.057859
-73.103706
-67.149553
-41.844403
-23.981944
-12.073638
-0.165332
17.697127
20.674204
20.674204
32.582510
48.956431
54.910584
54.910584
66.818890
84.681349
90.635502
108.497961
120.406267
108.497961
120.406267
126.360420
120.406267
108.497961
72.773043
54.910584
48.956431
26.628357
5.788821
-15.050714
-32.913173
-44.821479
-55.241247
-49.287094
-55.241247
-41.844403
-35.890250
-49.287094
-35.890250
-0.165332
35.559586
72.773043
114.452114
159.108262
218.649792
302.007934
367.503617
438.953454
510.403290
581.853126
629.486350
700.936187
784.294329
879.560777
879.560777
879.560777
927.194001
974.827226
974.827226
974.827226
974.827226
927.194001
879.560777
831.927553
831.927553
784.294329
700.936187
629.486350
558.036514
462.770066
367.503617
302.007934
206.741486
120.406267
32.582510
-67.149553
-147.530619
-207.072149
-290.430291
-367.834281
-439.284117
-510.733953
-558.367177
-582.183790
-653.633626
-701.266850
-736.991768
-784.624992
-784.624992
-784.624992
-832.258216
-832.258216
-832.258216
-832.258216
-832.258216
-832.258216
-832.258216
-784.624992
-784.624992
-784.624992
-784.624992
-784.624992
-736.991768
-701.266850
-653.633626
-629.817014
-606.000402
-558.367177
-510.733953
-463.100729
-415.467505
-367.834281
-367.834281
-314.246904
-242.797067
-195.163843
-159.438925
-120.736930
-90.966165
-61.195400
-0.165332
48.956431
78.727196
102.543808
126.360420
138.268726
159.108262
171.016568
194.833180
206.741486
218.649792
218.649792
218.649792
206.741486
206.741486
218.649792
206.741486
171.016568
159.108262
147.199956
132.314573
126.360420
120.406267
96.589655
78.727196
66.818890
60.864737
44.490816
29.605433
20.674204
-3.142408
-9.096561
-6.119485
-23.981944
-55.241247
-61.195400
-67.149553
-85.012012
-61.195400
-61.195400
-79.057859
-67.149553
-73.103706
-67.149553
-44.821479
-35.890250
-29.936097
-9.096561
-12.073638
-6.119485
2.811745
8.765898
32.582510
41.513739
44.490816
60.864737
78.727196
102.543808
120.406267
120.406267
126.360420
102.543808
96.589655
108.497961
108.497961
126.360420
102.543808
78.727196
78.727196
78.727196
48.956431
17.697127
8.765898
-18.027791
-38.867326
-15.050714
-0.165332
-0.165332
5.788821
-6.119485
5.788821
66.818890
78.727196
90.635502
159.108262
182.924874
206.741486
302.007934
391.320230
462.770066
534.219902
581.853126
653.302962
736.661105
784.294329
831.927553
879.560777
927.194001
974.827226
974.827226
1022.460450
1022.460450
1022.460450
974.827226
927.194001
879.560777
879.560777
831.927553
736.661105
677.119575
581.853126
486.586678
391.320230
313.916240
230.558098
147.199956
44.490816
-38.867326
-120.736930
-207.072149
-278.521985
-344.017669
-415.467505
-510.733953
-582.183790
-629.817014
-677.450238
-736.991768
-736.991768
-832.258216
-879.891441
-879.891441
-879.891441
-879.891441
-927.524665
-927.524665
-927.524665
-975.157889
-927.524665
-927.524665
-879.891441
-879.891441
-879.891441
-832.258216
-784.624992
-736.991768
-701.266850
-653.633626
-653.633626
-629.817014
-558.367177
-510.733953
-463.100729
-391.650893
-367.834281
-302.338598
-254.705373
-207.072149
-159.438925
-114.782777
-85.012012
-49.287094
-12.073638
17.697127
60.864737
108.497961
132.314573
147.199956
171.016568
171.016568
194.833180
230.558098
242.466404
242.466404
230.558098
230.558098
230.558098
230.558098
230.558098
218.649792
182.924874
171.016568
182.924874
171.016568
159.108262
120.406267
96.589655
90.635502
72.773043
41.513739
29.605433
5.788821
-12.073638
-23.981944
-21.004867
-29.936097
-38.867326
-49.287094
-55.241247
-44.821479
-67.149553
-79.057859
-79.057859
-90.966165
-90.966165
-79.057859
-85.012012
-61.195400
-49.287094
-49.287094
-3.142408
23.651280
38.536663
48.956431
44.490816
60.864737
96.589655
102.543808
126.360420
147.199956
147.199956
147.199956
159.108262
159.108262
159.108262
138.268726
147.199956
147.199956
132.314573
102.543808
78.727196
60.864737
44.490816
26.628357
11.742974
-0.165332
-26.959020
-44.821479
-49.287094
-61.195400
-79.057859
-61.195400
-38.867326
-18.027791
11.742974
72.773043
132.314573
159.108262
230.558098
343.687005
438.953454
486.586678
534.219902
629.486350
736.661105
784.294329
879.560777
974.827226
974.827226
1022.460450
1070.093674
1070.093674
1070.093674
1070.093674
1070.093674
1022.460450
974.827226
927.194001
879.560777
831.927553
736.661105
677.119575
558.036514
462.770066
367.503617
278.191322
206.741486
114.452114
-6.119485
-102.874471
-195.163843
-278.521985
-344.017669
-415.467505
-510.733953
-558.367177
-629.817014
-653.633626
-736.991768
-784.624992
-784.624992
-832.258216
-879.891441
-927.524665
-927.524665
-927.524665
-927.524665
-927.524665
-927.524665
-927.524665
-927.524665
-879.891441
-879.891441
-879.891441
-832.258216
-832.258216
-784.624992
-736.991768
-736.991768
-677.450238
-629.817014
-582.183790
-534.550565
-486.917341
-439.284117
-415.467505
-367.834281
-314.246904
-278.521985
-242.797067
-195.163843
-147.530619
-90.966165
-55.241247
-18.027791
44.490816
60.864737
90.635502
138.268726
138.268726
147.199956
194.833180
182.924874
171.016568
194.833180
206.741486
171.016568
159.108262
147.199956
147.199956
147.199956
132.314573
108.497961
102.543808
84.681349
48.956431
32.582510
17.697127
-0.165332
-9.096561
-18.027791
-29.936097
-38.867326
-49.287094
-61.195400
-55.241247
-61.195400
-55.241247
-38.867326
-49.287094
-49.287094
-23.981944
-12.073638
-23.981944
-18.027791
2.811745
8.765898
14.720051
20.674204
23.651280
23.651280
41.513739
54.910584
54.910584
72.773043
90.635502
96.589655
120.406267
147.199956
132.314573
138.268726
171.016568
171.016568
159.108262
171.016568
182.924874
182.924874
159.108262
159.108262
147.199956
126.360420
114.452114
72.773043
60.864737
60.864737
11.742974
5.788821
8.765898
-29.936097
-21.004867
-6.119485
-32.913173
-21.004867
11.742974
2.811745
38.536663
102.543808
159.108262
218.649792
266.283016
343.687005
438.953454
510.403290
581.853126
677.119575
736.661105
831.927553
927.194001
974.827226
1022.460450
1070.093674
1070.093674
1117.726898
1117.726898
1117.726898
1117.726898
1070.093674
1022.460450
1022.460450
927.194001
879.560777
784.294329
700.936187
629.486350
510.403290
415.136842
302.007934
206.741486
102.543808
-0.165332
-90.966165
-207.072149
-290.430291
-367.834281
-463.100729
-534.550565
-582.183790
-653.633626
-736.991768
-784.624992
-832.258216
-879.891441
-879.891441
-927.524665
-975.157889
-975.157889
-975.157889
-1022.791113
-1022.791113
-975.157889
-975.157889
-975.157889
-975.157889
-927.524665
-879.891441
-879.891441
-832.258216
-832.258216
-784.624992
-736.991768
-701.266850
-629.817014
-582.183790
-558.367177
-510.733953
-463.100729
-391.650893
-344.017669
-314.246904
-242.797067
-183.255537
-138.599389
-90.966165
-67.149553
-35.890250
8.765898
54.910584
72.773043
102.543808
147.199956
159.108262
159.108262
182.924874
194.833180
182.924874
182.924874
182.924874
147.199956
147.199956
132.314573
90.635502
78.727196
66.818890
14.720051
2.811745
17.697127
-6.119485
-29.936097
-41.844403
-55.241247
-85.012012
-108.828624
-114.782777
-108.828624
-90.966165
-79.057859
-96.920318
-85.012012
-61.195400
-49.287094
-35.890250
-15.050714
-12.073638
-9.096561
-6.119485
-0.165332
14.720051
26.628357
32.582510
41.513739
54.910584
78.727196
114.452114
120.406267
120.406267
138.268726
159.108262
159.108262
171.016568
182.924874
194.833180
230.558098
230.558098
218.649792
242.466404
254.374710
230.558098
218.649792
218.649792
206.741486
171.016568
147.199956
147.199956
114.452114
84.681349
66.818890
23.651280
11.742974
29.605433
-0.165332
-29.936097
-6.119485
35.559586
41.513739
35.559586
72.773043
120.406267
159.108262
194.833180
278.191322
391.320230
462.770066
558.036514
629.486350
677.119575
784.294329
831.927553
879.560777
974.827226
974.827226
1022.460450
1070.093674
1070.093674
1117.726898
1117.726898
1070.093674
1022.460450
974.827226
927.194001
879.560777
784.294329
700.936187
629.486350
510.403290
415.136842
367.503617
266.283016
171.016568
48.956431
-67.149553
-138.599389
-207.072149
-314.246904
-415.467505
-486.917341
-558.367177
-606.000402
-653.633626
-677.450238
-784.624992
-832.258216
-832.258216
-879.891441
-927.524665
-927.524665
-975.157889
-975.157889
-975.157889
-927.524665
-927.524665
-927.524665
-927.524665
-879.891441
-879.891441
-879.891441
-832.258216
-784.624992
-736.991768
-736.991768
-677.450238
-606.000402
-558.367177
-534.550565
-463.100729
-415.467505
-367.834281
-344.017669
-290.430291
-242.797067
-230.888761
-195.163843
-159.438925
-132.645236
-85.012012
-44.821479
-23.981944
-12.073638
-0.165332
26.628357
41.513739
54.910584
72.773043
60.864737
66.818890
60.864737
54.910584
90.635502
90.635502
66.818890
84.681349
84.681349
66.818890
48.956431
38.536663
38.536663
11.742974
-12.073638
-18.027791
-29.936097
-23.981944
-9.096561
-3.142408
-18.027791
-29.936097
-23.981944
-35.890250
-41.844403
-44.821479
-61.195400
-38.867326
-23.981944
-18.027791
-0.165332
-0.165332
-6.119485
-0.165332
8.765898
23.651280
14.720051
5.788821
29.605433
54.910584
60.864737
78.727196
96.589655
132.314573
147.199956
138.268726
159.108262
182.924874
194.833180
194.833180
206.741486
218.649792
230.558098
218.649792
206.741486
182.924874
159.108262
147.199956
96.589655
66.818890
44.490816
5.788821
-29.936097
-73.103706
-90.966165
-96.920318
-120.736930
-126.691083
-102.874471
-90.966165
-90.966165
-44.821479
32.582510
102.543808
159.108262
254.374710
367.503617
486.586678
581.853126
700.936187
784.294329
879.560777
974.827226
1070.093674
1165.360122
1212.993347
1260.626571
1260.626571
1308.259795
1308.259795
1308.259795
1260.626571
1165.360122
1117.726898
1070.093674
974.827226
879.560777
736.661105
653.302962
558.036514
415.136842
313.916240
230.558098
132.314573
26.628357
-73.103706
-138.599389
-230.888761
-344.017669
-415.467505
-463.100729
-558.367177
-629.817014
-677.450238
-736.991768
-736.991768
-784.624992
-832.258216
-879.891441
-879.891441
-879.891441
-927.524665
-975.157889
-1022.791113
-1022.791113
-1022.791113
-1022.791113
-1022.791113
-1022.791113
-975.157889
-975.157889
-927.524665
-879.891441
-879.891441
-832.258216
-784.624992
-736.991768
-701.266850
-653.633626
-606.000402
-534.550565
-463.100729
-415.467505
-326.155210
-266.613679
-218.980455
-132.645236
-79.057859
-23.981944
60.864737
114.452114
159.108262
194.833180
242.466404
278.191322
302.007934
313.916240
313.916240
325.824546
343.687005
313.916240
266.283016
242.466404
206.741486
182.924874
126.360420
78.727196
29.605433
-3.142408
-23.981944
-49.287094
-73.103706
-114.782777
-138.599389
-159.438925
-183.255537
-207.072149
-218.980455
-230.888761
-218.980455
-218.980455
-195.163843
-159.438925
-147.530619
-147.530619
-147.530619
-147.530619
-132.645236
-138.599389
-147.530619
-114.782777
-90.966165
-73.103706
-44.821479
-35.890250
-32.913173
-0.165332
11.742974
-0.165332
-15.050714
-29.936097
-21.004867
-21.004867
-23.981944
8.765898
32.582510
60.864737
84.681349
90.635502
84.681349
38.536663
14.720051
-15.050714
-102.874471
-147.530619
-218.980455
-344.017669
-415.467505
-463.100729
-534.550565
-558.367177
-606.000402
-629.817014
-606.000402
-629.817014
-606.000402
-534.550565
-486.917341
-415.467505
-290.430291
-114.782777
78.727196
343.687005
677.119575
1022.460450
1403.526243
1713.142200
2094.207994
2380.007339
2570.540235
2665.806684
2856.339581
2856.339581
2856.339581
2761.073132
2761.073132
2665.806684
2570.540235
2475.273787
2284.740890
2094.207994
1903.675097
1617.875752
1308.259795
927.194001
558.036514
230.558098
-67.149553
-326.155210
-558.367177
-736.991768
-784.624992
-832.258216
-832.258216
-832.258216
-832.258216
-879.891441
-879.891441
-879.891441
-832.258216
-832.258216
-784.624992
-736.991768
-629.817014
-558.367177
-463.100729
-415.467505
-367.834281
-344.017669
-391.650893
-486.917341
-629.817014
-784.624992
-927.524665
-1070.424337
-1213.324010
-1356.223682
-1451.490131
-1522.939967
-1522.939967
-1618.206415
-1618.206415
-1522.939967
-1522.939967
-1522.939967
-1403.856907
-1356.223682
-1308.590458
-1213.324010
-1070.424337
-879.891441
-701.266850
-510.733953
-326.155210
-147.530619
14.720051
159.108262
254.374710
313.916240
343.687005
367.503617
391.320230
367.503617
367.503617
343.687005
313.916240
278.191322
206.741486
132.314573
44.490816
-73.103706
-171.347231
-266.613679
-391.650893
-463.100729
-534.550565
-582.183790
-582.183790
-558.367177
-534.550565
-486.917341
-439.284117
-391.650893
-326.155210
-290.430291
-242.797067
-159.438925
-96.920318
-73.103706
-38.867326
5.788821
35.559586
48.956431
44.490816
26.628357
14.720051
-15.050714
-79.057859
-132.645236
-183.255537
-242.797067
-302.338598
-367.834281
-415.467505
-415.467505
-415.467505
-439.284117
-415.467505
-391.650893
-344.017669
-302.338598
-278.521985
-242.797067
-218.980455
-195.163843
-147.530619
-85.012012
-61.195400
-49.287094
-26.959020
-32.913173
-73.103706
-126.691083
-218.980455
-302.338598
-367.834281
-463.100729
-534.550565
-558.367177
-558.367177
-534.550565
-486.917341
-391.650893
-254.705373
-108.828624
48.956431
242.466404
510.403290
784.294329
1070.093674
1403.526243
1903.675097
2380.007339
2856.339581
3285.038598
3666.104391
3856.637288
4237.703082
4237.703082
4237.703082
4047.170185
4047.170185
3856.637288
3475.571495
3285.038598
3094.505701
2761.073132
2475.273787
2189.474442
1903.675097
1522.609304
1165.360122
831.927553
415.136842
35.559586
-290.430291
-558.367177
-784.624992
-975.157889
-1070.424337
-1118.057561
-1070.424337
-975.157889
-879.891441
-784.624992
-701.266850
-606.000402
-582.183790
-582.183790
-606.000402
-606.000402
-606.000402
-653.633626
-701.266850
-701.266850
-701.266850
-736.991768
-784.624992
-879.891441
-1022.791113
-1165.690786
-1356.223682
-1522.939967
-1808.739312
-1999.272209
-2189.805105
-2285.071554
-2380.338002
-2475.604450
-2380.338002
-2285.071554
-2094.538657
-1999.272209
-1808.739312
-1618.206415
-1403.856907
-1260.957234
-1070.424337
-927.524665
-784.624992
-606.000402
-463.100729
-326.155210
-207.072149
-61.195400
60.864737
147.199956
218.649792
230.558098
194.833180
138.268726
66.818890
-49.287094
-183.255537
-344.017669
-486.917341
-606.000402
-701.266850
-736.991768
-784.624992
-832.258216
-832.258216
-784.624992
-736.991768
-736.991768
-736.991768
-701.266850
-677.450238
-629.817014
-534.550565
-463.100729
-344.017669
-254.705373
-159.438925
-55.241247
11.742974
78.727196
138.268726
126.360420
78.727196
26.628357
-23.981944
-96.920318
-171.347231
-230.888761
-278.521985
-314.246904
-344.017669
-326.155210
-344.017669
-314.246904
-290.430291
-302.338598
-314.246904
-314.246904
-278.521985
-230.888761
-183.255537
-138.599389
-102.874471
-26.959020
48.956431
120.406267
182.924874
194.833180
182.924874
159.108262
108.497961
23.651280
-85.012012
-207.072149
-314.246904
-415.467505
-463.100729
-463.100729
-486.917341
-439.284117
-326.155210
-195.163843
-61.195400
102.543808
290.099628
510.403290
784.294329
1070.093674
1451.159467
1903.675097
2380.007339
2951.606029
3475.571495
3856.637288
4237.703082
4618.768875
4809.301772
4999.834668
4809.301772
4618.768875
4428.235978
4237.703082
3856.637288
3475.571495
3094.505701
2665.806684
2380.007339
1998.941545
1617.875752
1355.893019
1070.093674
736.661105
391.320230
84.681349
-183.255537
-463.100729
-736.991768
-927.524665
-1070.424337
-1118.057561
-1118.057561
-1118.057561
-1022.791113
-927.524665
-784.624992
-653.633626
-558.367177
-439.284117
-367.834281
-391.650893
-415.467505
-486.917341
-582.183790
-701.266850
-832.258216
-975.157889
-1118.057561
-1308.590458
-1403.856907
-1522.939967
-1713.472864
-1808.739312
-1904.005760
-2094.538657
-2189.805105
-2380.338002
-2380.338002
-2475.604450
-2475.604450
-2475.604450
-2380.338002
-2285.071554
-2094.538657
-1808.739312
-1618.206415
-1356.223682
-1070.424337
-832.258216
-629.817014
-439.284117
-290.430291
-218.980455
-171.347231
-132.645236
-102.874471
-85.012012
-114.782777
-126.691083
-114.782777
-159.438925
-207.072149
-242.797067
-326.155210
-439.284117
-510.733953
-629.817014
-736.991768
-879.891441
-975.157889
-975.157889
-975.157889
-927.524665
-879.891441
-832.258216
-736.991768
-582.183790
-463.100729
-344.017669
-266.613679
-183.255537
-120.736930
-102.874471
-85.012012
-55.241247
-41.844403
-29.936097
-6.119485
5.788821
2.811745
-0.165332
-32.913173
-67.149553
-108.828624
-183.255537
-266.613679
-367.834281
-439.284117
-486.917341
-534.550565
-534.550565
-558.367177
-510.733953
-415.467505
-344.017669
-266.613679
-171.347231
-108.828624
-44.821479
29.605433
96.589655
147.199956
159.108262
171.016568
218.649792
242.466404
206.741486
159.108262
66.818890
-29.936097
-61.195400
-159.438925
-290.430291
-344.017669
-391.650893
-415.467505
-391.650893
-326.155210
-195.163843
-67.149553
78.727196
302.007934
558.036514
831.927553
1165.360122
1522.609304
2094.207994
2570.540235
3094.505701
3666.104391
4047.170185
4428.235978
4809.301772
4999.834668
4999.834668
4999.834668
4809.301772
4428.235978
4047.170185
3666.104391
3285.038598
2856.339581
2475.273787
2094.207994
1713.142200
1403.526243
1117.726898
831.927553
534.219902
266.283016
8.765898
-218.980455
-486.917341
-701.266850
-832.258216
-927.524665
-1022.791113
-1070.424337
-1070.424337
-975.157889
-879.891441
-736.991768
-606.000402
-486.917341
-344.017669
-254.705373
-230.888761
-254.705373
-314.246904
-391.650893
-534.550565
-736.991768
-975.157889
-1213.324010
-1403.856907
-1618.206415
-1808.739312
-1999.272209
-2094.538657
-2189.805105
-2285.071554
-2285.071554
-2380.338002
-2380.338002
-2380.338002
-2380.338002
-2380.338002
-2285.071554
-2189.805105
-1999.272209
-1808.739312
-1618.206415
-1403.856907
-1165.690786
-975.157889
-736.991768
-558.367177
-391.650893
-242.797067
-147.530619
-90.966165
-61.195400
-67.149553
-79.057859
-126.691083
-207.072149
-278.521985
-367.834281
-463.100729
-534.550565
-606.000402
-653.633626
-736.991768
-784.624992
-784.624992
-784.624992
-784.624992
-784.624992
-784.624992
-701.266850
-582.183790
-486.917341
-415.467505
-344.017669
-242.797067
-147.530619
-85.012012
-55.241247
-49.287094
-21.004867
8.765898
14.720051
-3.142408
-18.027791
-15.050714
-35.890250
-55.241247
-96.920318
-147.530619
-207.072149
-290.430291
-326.155210
-367.834281
-463.100729
-486.917341
-486.917341
-486.917341
-463.100729
-439.284117
-391.650893
-344.017669
-290.430291
-183.255537
-102.874471
-38.867326
23.651280
78.727196
182.924874
266.283016
302.007934
343.687005
343.687005
325.824546
266.283016
159.108262
72.773043
-23.981944
-147.530619
-218.980455
-278.521985
-344.017669
-367.834281
-367.834281
-314.246904
-254.705373
-183.255537
-67.149553
78.727196
266.283016
534.219902
831.927553
1165.360122
1617.875752
2189.474442
2665.806684
3285.038598
3856.637288
4237.703082
4618.768875
4999.834668
4999.834668
4999.834668
4999.834668
4809.301772
4428.235978
4047.170185
3666.104391
3094.505701
2665.806684
2189.474442
1808.408649
1403.526243
1022.460450
700.936187
438.953454
218.649792
5.788821
-171.347231
-367.834281
-558.367177
-736.991768
-832.258216
-927.524665
-1022.791113
-1070.424337
-1118.057561
-1070.424337
-1022.791113
-927.524665
-832.258216
-736.991768
-582.183790
-439.284117
-326.155210
-242.797067
-207.072149
-254.705373
-344.017669
-486.917341
-701.266850
-927.524665
-1213.324010
-1522.939967
-1713.472864
-1999.272209
-2189.805105
-2380.338002
-2475.604450
-2570.870899
-2570.870899
-2570.870899
-2475.604450
-2380.338002
-2285.071554
-2094.538657
-1999.272209
-1808.739312
-1618.206415
-1451.490131
-1260.957234
-1118.057561
-927.524665
-784.624992
-606.000402
-463.100729
-326.155210
-230.888761
-171.347231
-114.782777
-55.241247
-49.287094
-85.012012
-114.782777
-171.347231
-254.705373
-344.017669
-415.467505
-534.550565
-629.817014
-701.266850
-736.991768
-832.258216
-879.891441
-879.891441
-879.891441
-832.258216
-784.624992
-677.450238
-558.367177
-463.100729
-326.155210
-207.072149
-120.736930
-41.844403
26.628357
72.773043
96.589655
90.635502
96.589655
96.589655
84.681349
90.635502
78.727196
72.773043
72.773043
32.582510
-6.119485
-15.050714
-61.195400
-132.645236
-171.347231
-207.072149
-242.797067
-242.797067
-242.797067
-230.888761
-195.163843
-147.530619
-85.012012
-23.981944
11.742974
84.681349
171.016568
218.649792
254.374710
278.191322
313.916240
343.687005
343.687005
302.007934
242.466404
194.833180
114.452114
-3.142408
-120.736930
-230.888761
-344.017669
-439.284117
-486.917341
-534.550565
-558.367177
-510.733953
-439.284117
-367.834281
-242.797067
-55.241247
182.924874
438.953454
784.294329
1212.993347
1713.142200
2284.740890
2761.073132
3285.038598
3856.637288
4237.703082
4618.768875
4809.301772
4999.834668
4999.834668
4809.301772
4618.768875
4237.703082
3666.104391
3285.038598
2856.339581
2284.740890
1808.408649
1355.893019
927.194001
605.669738
290.099628
20.674204
-159.438925
-314.246904
-463.100729
-582.183790
-653.633626
-701.266850
-736.991768
-784.624992
-879.891441
-879.891441
-879.891441
-879.891441
-879.891441
-879.891441
-832.258216
-736.991768
-629.817014
-534.550565
-439.284117
-344.017669
-302.338598
-302.338598
-391.650893
-486.917341
-629.817014
-832.258216
-1070.424337
-1356.223682
-1618.206415
-1904.005760
-2094.538657
-2380.338002
-2475.604450
-2570.870899
-2666.137347
-2570.870899
-2570.870899
-2380.338002
-2189.805105
-1999.272209
-1713.472864
-1522.939967
-1260.957234
-1070.424337
-832.258216
-677.450238
-582.183790
-463.100729
-344.017669
-266.613679
-218.980455
-207.072149
-183.255537
-171.347231
-207.072149
-218.980455
-230.888761
-278.521985
-302.338598
-367.834281
-486.917341
-534.550565
-582.183790
-629.817014
-677.450238
-736.991768
-784.624992
-784.624992
-832.258216
-832.258216
-784.624992
-701.266850
-629.817014
-534.550565
-415.467505
-266.613679
-147.530619
-23.981944
72.773043
132.314573
171.016568
182.924874
194.833180
171.016568
138.268726
114.452114
102.543808
54.910584
8.765898
-12.073638
-38.867326
-85.012012
-126.691083
-195.163843
-254.705373
-266.613679
-278.521985
-266.613679
-254.705373
-242.797067
-207.072149
-147.530619
-79.057859
-26.959020
17.697127
96.589655
147.199956
171.016568
218.649792
242.466404
254.374710
266.283016
254.374710
206.741486
147.199956
108.497961
38.536663
-61.195400
-132.645236
-207.072149
-266.613679
-314.246904
-344.017669
-391.650893
-391.650893
-391.650893
-367.834281
-302.338598
-147.530619
17.697127
206.741486
438.953454
784.294329
1212.993347
1713.142200
2189.474442
2761.073132
3285.038598
3666.104391
4237.703082
4618.768875
4809.301772
4809.301772
4999.834668
4809.301772
4428.235978
4047.170185
3666.104391
3285.038598
2761.073132
2094.207994
1617.875752
1117.726898
677.119575
313.916240
-6.119485
-230.888761
-391.650893
-510.733953
-582.183790
-606.000402
-629.817014
-606.000402
-606.000402
-629.817014
-653.633626
-677.450238
-701.266850
-701.266850
-736.991768
-736.991768
-736.991768
-736.991768
-701.266850
-677.450238
-629.817014
-582.183790
-582.183790
-582.183790
-629.817014
-701.266850
-784.624992
-927.524665
-1070.424337
-1308.590458
-1522.939967
-1713.472864
-1904.005760
-2189.805105
-2380.338002
-2475.604450
-2570.870899
-2666.137347
-2666.137347
-2570.870899
-2380.338002
-2094.538657
-1904.005760
-1618.206415
-1308.590458
-1022.791113
-736.991768
-486.917341
-290.430291
-138.599389
-15.050714
41.513739
38.536663
35.559586
-0.165332
-55.241247
-90.966165
-159.438925
-230.888761
-302.338598
-344.017669
-391.650893
-463.100729
-510.733953
-534.550565
-582.183790
-629.817014
-653.633626
-677.450238
-701.266850
-736.991768
-736.991768
-701.266850
-653.633626
-629.817014
-534.550565
-439.284117
-367.834281
-242.797067
-138.599389
-49.287094
44.490816
114.452114
171.016568
218.649792
230.558098
230.558098
230.558098
254.374710
230.558098
171.016568
102.543808
41.513739
-15.050714
-96.920318
-195.163843
-266.613679
-302.338598
-290.430291
-302.338598
-314.246904
-266.613679
-195.163843
-138.599389
-90.966165
-29.936097
54.910584
138.268726
194.833180
242.466404
290.099628
343.687005
367.503617
367.503617
343.687005
313.916240
230.558098
138.268726
26.628357
-96.920318
-207.072149
-290.430291
-367.834281
-439.284117
-463.100729
-486.917341
-486.917341
-463.100729
-415.467505
-344.017669
-207.072149
-67.149553
120.406267
367.503617
700.936187
1117.726898
1522.609304
2094.207994
2570.540235
3094.505701
3666.104391
4047.170185
4428.235978
4618.768875
4809.301772
4809.301772
4618.768875
4428.235978
4047.170185
3666.104391
3285.038598
2761.073132
2284.740890
1713.142200
1165.360122
677.119575
230.558098
-132.645236
-415.467505
-606.000402
-736.991768
-832.258216
-832.258216
-784.624992
-736.991768
-677.450238
-629.817014
-558.367177
-510.733953
-486.917341
-486.917341
-486.917341
-510.733953
-510.733953
-534.550565
-558.367177
-582.183790
-582.183790
-582.183790
-629.817014
-677.450238
-701.266850
-736.991768
-832.258216
-975.157889
-1070.424337
-1260.957234
-1356.223682
-1522.939967
-1713.472864
-1904.005760
-2094.538657
-2285.071554
-2380.338002
-2475.604450
-2570.870899
-2570.870899
-2475.604450
-2285.071554
-2094.538657
-1808.739312
-1522.939967
-1260.957234
-975.157889
-677.450238
-415.467505
-183.255537
14.720051
159.108262
266.283016
313.916240
278.191322
230.558098
159.108262
54.910584
-61.195400
-183.255537
-278.521985
-391.650893
-510.733953
-558.367177
-606.000402
-653.633626
-677.450238
-701.266850
-677.450238
-653.633626
-677.450238
-629.817014
-582.183790
-558.367177
-486.917341
-415.467505
-367.834281
-290.430291
-218.980455
-159.438925
-102.874471
-61.195400
-15.050714
38.536663
72.773043
78.727196
108.497961
159.108262
194.833180
218.649792
242.466404
242.466404
206.741486
171.016568
126.360420
60.864737
-15.050714
-108.828624
-183.255537
-230.888761
-254.705373
-302.338598
-314.246904
-302.338598
-278.521985
-218.980455
-147.530619
-96.920318
-23.981944
48.956431
102.543808
171.016568
206.741486
254.374710
266.283016
242.466404
206.741486
159.108262
84.681349
-12.073638
-114.782777
-207.072149
-314.246904
-415.467505
-510.733953
-558.367177
-606.000402
-629.817014
-629.817014
-629.817014
-486.917341
-326.155210
-126.691083
171.016568
510.403290
927.194001
1451.159467
1998.941545
2475.273787
3094.505701
3475.571495
3856.637288
4237.703082
4618.768875
4618.768875
4809.301772
4618.768875
4428.235978
4237.703082
3856.637288
3475.571495
2856.339581
2380.007339
1808.408649
1308.259795
831.927553
343.687005
-49.287094
-344.017669
-582.183790
-736.991768
-832.258216
-879.891441
-832.258216
-736.991768
-677.450238
-606.000402
-510.733953
-463.100729
-439.284117
-391.650893
-367.834281
-367.834281
-344.017669
-367.834281
-391.650893
-439.284117
-463.100729
-486.917341
-534.550565
-582.183790
-629.817014
-701.266850
-784.624992
-879.891441
-1022.791113
-1118.057561
-1260.957234
-1403.856907
-1618.206415
-1713.472864
-1904.005760
-2094.538657
-2189.805105
-2380.338002
-2380.338002
-2380.338002
-2380.338002
-2285.071554
-2094.538657
-1904.005760
-1618.206415
-1356.223682
-1118.057561
-832.258216
-558.367177
-344.017669
-147.530619
-3.142408
114.452114
206.741486
242.466404
230.558098
182.924874
102.543808
29.605433
-61.195400
-195.163843
-326.155210
-415.467505
-510.733953
-629.817014
-677.450238
-736.991768
-784.624992
-784.624992
-784.624992
-736.991768
-701.266850
-629.817014
-558.367177
-486.917341
-391.650893
-326.155210
-266.613679
-207.072149
-147.530619
-90.966165
-29.936097
11.742974
41.513739
66.818890
72.773043
96.589655
120.406267
114.452114
108.497961
114.452114
84.681349
54.910584
8.765898
-41.844403
-61.195400
-96.920318
-138.599389
-147.530619
-159.438925
-183.255537
-195.163843
-183.255537
-171.347231
-147.530619
-120.736930
-79.057859
-29.936097
11.742974
60.864737
102.543808
147.199956
206.741486
230.558098
266.283016
313.916240
290.099628
242.466404
159.108262
72.773043
-3.142408
-114.782777
-230.888761
-344.017669
-439.284117
-534.550565
-629.817014
-677.450238
-677.450238
-653.633626
-582.183790
-415.467505
-183.255537
72.773043
415.136842
879.560777
1355.893019
1903.675097
2380.007339
2951.606029
3475.571495
3856.637288
4237.703082
4428.235978
4618.768875
4618.768875
4618.768875
4428.235978
4047.170185
3666.104391
3285.038598
2761.073132
2189.474442
1617.875752
1117.726898
629.486350
159.108262
-218.980455
-534.550565
-784.624992
-927.524665
-1022.791113
-1022.791113
-975.157889
-879.891441
-736.991768
-677.450238
-558.367177
-439.284117
-326.155210
-266.613679
-242.797067
-207.072149
-207.072149
-266.613679
-314.246904
-344.017669
-415.467505
-486.917341
-534.550565
-606.000402
-653.633626
-736.991768
-784.624992
-879.891441
-975.157889
-1118.057561
-1213.324010
-1308.590458
-1451.490131
-1618.206415
-1808.739312
-1904.005760
-2094.538657
-2189.805105
-2189.805105
-2189.805105
-2189.805105
-2189.805105
-1999.272209
-1904.005760
-1713.472864
-1451.490131
-1213.324010
-975.157889
-701.266850
-463.100729
-254.705373
-67.149553
84.681349
242.466404
343.687005
367.503617
391.320230
367.503617
266.283016
171.016568
54.910584
-102.874471
-218.980455
-367.834281
-510.733953
-653.633626
-736.991768
-832.258216
-879.891441
-879.891441
-879.891441
-832.258216
-736.991768
-677.450238
-582.183790
-486.917341
-367.834281
-242.797067
-132.645236
-38.867326
38.536663
120.406267
171.016568
194.833180
206.741486
218.649792
206.741486
206.741486
171.016568
102.543808
66.818890
35.559586
-6.119485
-49.287094
-79.057859
-96.920318
-85.012012
-79.057859
-90.966165
-79.057859
-49.287094
-29.936097
-21.004867
-3.142408
5.788821
20.674204
32.582510
44.490816
54.910584
66.818890
72.773043
84.681349
84.681349
96.589655
108.497961
102.543808
114.452114
96.589655
54.910584
48.956431
29.605433
-12.073638
-61.195400
-132.645236
-254.705373
-367.834281
-439.284117
-534.550565
-629.817014
-653.633626
-677.450238
-606.000402
-463.100729
-266.613679
-3.142408
367.503617
831.927553
1308.259795
1808.408649
2380.007339
2951.606029
3475.571495
3856.637288
4237.703082
4428.235978
4618.768875
4618.768875
4428.235978
4237.703082
3856.637288
3475.571495
3094.505701
2475.273787
1903.675097
1355.893019
831.927553
391.320230
-55.241247
-439.284117
-701.266850
-879.891441
-1022.791113
-1070.424337
-1070.424337
-975.157889
-879.891441
-736.991768
-582.183790
-463.100729
-314.246904
-207.072149
-171.347231
-147.530619
-126.691083
-147.530619
-207.072149
-254.705373
-302.338598
-391.650893
-486.917341
-558.367177
-629.817014
-736.991768
-832.258216
-927.524665
-1022.791113
-1118.057561
-1165.690786
-1308.590458
-1403.856907
-1522.939967
-1618.206415
-1713.472864
-1808.739312
-1904.005760
-1999.272209
-2094.538657
-2094.538657
-2094.538657
-1999.272209
-1904.005760
-1808.739312
-1618.206415
-1403.856907
-1165.690786
-879.891441
-653.633626
-415.467505
-183.255537
-0.165332
147.199956
290.099628
391.320230
391.320230
391.320230
367.503617
313.916240
206.741486
102.543808
-18.027791
-171.347231
-302.338598
-439.284117
-558.367177
-629.817014
-736.991768
-784.624992
-784.624992
-784.624992
-736.991768
-677.450238
-606.000402
-510.733953
-415.467505
-302.338598
-207.072149
-132.645236
-49.287094
32.582510
84.681349
120.406267
171.016568
194.833180
194.833180
182.924874
171.016568
132.314573
78.727196
38.536663
-9.096561
-55.241247
-85.012012
-114.782777
-108.828624
-108.828624
-132.645236
-120.736930
-102.874471
-90.966165
-73.103706
-55.241247
-23.981944
-26.959020
-55.241247
-61.195400
-61.195400
-49.287094
-55.241247
-23.981944
-3.142408
-0.165332
48.956431
72.773043
90.635502
96.589655
90.635502
90.635502
72.773043
48.956431
-9.096561
-102.874471
-171.347231
-254.705373
-344.017669
-391.650893
-439.284117
-486.917341
-510.733953
-486.917341
-415.467505
-254.705373
-49.287094
206.741486
558.036514
974.827226
1451.159467
1998.941545
2475.273787
2951.606029
3475.571495
3856.637288
4047.170185
4237.703082
4428.235978
4428.235978
4237.703082
4047.170185
3666.104391
3285.038598
2856.339581
2380.007339
1808.408649
1308.259795
784.294329
290.099628
-147.530619
-534.550565
-832.258216
-1118.057561
-1213.324010
-1260.957234
-1260.957234
-1165.690786
-1022.791113
-832.258216
-677.450238
-486.917341
-314.246904
-207.072149
-120.736930
-61.195400
-49.287094
-44.821479
-79.057859
-147.530619
-230.888761
-326.155210
-439.284117
-558.367177
-677.450238
-784.624992
-927.524665
-1022.791113
-1118.057561
-1213.324010
-1308.590458
-1403.856907
-1451.490131
-1522.939967
-1618.206415
-1618.206415
-1713.472864
-1713.472864
-1808.739312
-1904.005760
-1904.005760
-1904.005760
-1808.739312
-1713.472864
-1618.206415
-1451.490131
-1308.590458
-1070.424337
-879.891441
-629.817014
-415.467505
-242.797067
-67.149553
78.727196
194.833180
302.007934
367.503617
367.503617
367.503617
343.687005
278.191322
218.649792
78.727196
-55.241247
-183.255537
-314.246904
-463.100729
-582.183790
-701.266850
-784.624992
-784.624992
-784.624992
-784.624992
-701.266850
-629.817014
-510.733953
-415.467505
-314.246904
-183.255537
-61.195400
35.559586
90.635502
171.016568
242.466404
290.099628
325.824546
343.687005
313.916240
290.099628
230.558098
182.924874
126.360420
38.536663
-6.119485
-49.287094
-102.874471
-132.645236
-159.438925
-159.438925
-147.530619
-138.599389
-120.736930
-90.966165
-79.057859
-96.920318
-108.828624
-96.920318
-85.012012
-85.012012
-73.103706
-61.195400
-73.103706
-61.195400
-9.096561
-0.165332
17.697127
26.628357
11.742974
11.742974
-0.165332
-23.981944
-61.195400
-147.530619
-207.072149
-278.521985
-344.017669
-391.650893
-415.467505
-439.284117
-463.100729
-463.100729
-415.467505
-278.521985
-132.645236
72.773043
367.503617
784.294329
1212.993347
1617.875752
2094.207994
2570.540235
3094.505701
3475.571495
3856.637288
4047.170185
4237.703082
4237.703082
4047.170185
4047.170185
3666.104391
3475.571495
3094.505701
2570.540235
2094.207994
1522.609304
1070.093674
558.036514
102.543808
-302.338598
-653.633626
-927.524665
-1165.690786
-1213.324010
-1260.957234
-1213.324010
-1118.057561
-1022.791113
-832.258216
-629.817014
-463.100729
-326.155210
-207.072149
-114.782777
-73.103706
-29.936097
-15.050714
-67.149553
-147.530619
-218.980455
-302.338598
-415.467505
-534.550565
-677.450238
-784.624992
-927.524665
-1070.424337
-1165.690786
-1213.324010
-1308.590458
-1403.856907
-1451.490131
-1522.939967
-1522.939967
-1618.206415
-1618.206415
-1618.206415
-1713.472864
-1713.472864
-1713.472864
-1713.472864
-1618.206415
-1522.939967
-1403.856907
-1260.957234
-1118.057561
-927.524665
-736.991768
-558.367177
-391.650893
-266.613679
-108.828624
2.811745
102.543808
171.016568
206.741486
218.649792
206.741486
182.924874
147.199956
66.818890
-35.890250
-138.599389
-266.613679
-367.834281
-486.917341
-606.000402
-677.450238
-736.991768
-736.991768
-736.991768
-701.266850
-629.817014
-582.183790
-510.733953
-391.650893
-278.521985
-195.163843
-90.966165
-0.165332
96.589655
182.924874
230.558098
278.191322
313.916240
343.687005
343.687005
343.687005
290.099628
230.558098
159.108262
108.497961
38.536663
-44.821479
-96.920318
-126.691083
-159.438925
-171.347231
-171.347231
-171.347231
-159.438925
-126.691083
-96.920318
-96.920318
-79.057859
-41.844403
-38.867326
-23.981944
-18.027791
-23.981944
2.811745
29.605433
41.513739
60.864737
78.727196
60.864737
32.582510
14.720051
-9.096561
-73.103706
-132.645236
-171.347231
-218.980455
-290.430291
-326.155210
-391.650893
-439.284117
-463.100729
-463.100729
-415.467505
-290.430291
-195.163843
-23.981944
218.649792
534.219902
879.560777
1308.259795
1808.408649
2189.474442
2665.806684
3094.505701
3475.571495
3666.104391
3856.637288
4047.170185
4047.170185
4047.170185
3856.637288
3475.571495
3285.038598
2856.339581
2380.007339
1808.408649
1355.893019
879.560777
367.503617
-79.057859
-463.100729
-784.624992
-1022.791113
-1165.690786
-1213.324010
-1260.957234
-1165.690786
-1070.424337
-927.524665
-736.991768
-534.550565
-344.017669
-207.072149
-85.012012
14.720051
78.727196
102.543808
78.727196
14.720051
-79.057859
-195.163843
-302.338598
-415.467505
-582.183790
-736.991768
-832.258216
-975.157889
-1118.057561
-1213.324010
-1308.590458
-1403.856907
-1451.490131
-1522.939967
-1522.939967
-1522.939967
-1618.206415
-1618.206415
-1618.206415
-1618.206415
-1618.206415
-1618.206415
-1618.206415
-1522.939967
-1451.490131
-1356.223682
-1260.957234
-1118.057561
-927.524665
-784.624992
-629.817014
-463.100729
-326.155210
-171.347231
-32.913173
54.910584
147.199956
206.741486
254.374710
302.007934
290.099628
242.466404
182.924874
102.543808
-0.165332
-79.057859
-195.163843
-344.017669
-439.284117
-534.550565
-629.817014
-677.450238
-736.991768
-736.991768
-736.991768
-701.266850
-606.000402
-534.550565
-463.100729
-344.017669
-230.888761
-114.782777
-23.981944
60.864737
159.108262
230.558098
302.007934
325.824546
290.099628
290.099628
278.191322
242.466404
194.833180
138.268726
78.727196
5.788821
-35.890250
-61.195400
-108.828624
-126.691083
-147.530619
-171.347231
-159.438925
-147.530619
-147.530619
-132.645236
-96.920318
-49.287094
-35.890250
-6.119485
-9.096561
-9.096561
35.559586
48.956431
84.681349
108.497961
90.635502
108.497961
96.589655
84.681349
96.589655
41.513739
-3.142408
-55.241247
-120.736930
-171.347231
-230.888761
-266.613679
-314.246904
-344.017669
-290.430291
-266.613679
-195.163843
-61.195400
96.589655
343.687005
653.302962
1022.460450
1355.893019
1713.142200
2094.207994
2475.273787
2856.339581
3094.505701
3475.571495
3666.104391
3666.104391
3666.104391
3666.104391
3475.571495
3285.038598
2951.606029
2570.540235
2189.474442
1713.142200
1260.626571
784.294329
343.687005
-61.195400
-439.284117
-736.991768
-975.157889
-1118.057561
-1213.324010
-1213.324010
-1213.324010
-1118.057561
-1022.791113
-832.258216
-677.450238
-510.733953
-367.834281
-254.705373
-126.691083
-44.821479
-0.165332
14.720051
-32.913173
-73.103706
-120.736930
-230.888761
-344.017669
-463.100729
-606.000402
-784.624992
-927.524665
-1022.791113
-1118.057561
-1213.324010
-1308.590458
-1403.856907
-1522.939967
-1522.939967
-1522.939967
-1522.939967
-1618.206415
-1618.206415
-1618.206415
-1522.939967
-1522.939967
-1451.490131
-1356.223682
-1308.590458
-1165.690786
-1022.791113
-927.524665
-784.624992
-653.633626
-510.733953
-344.017669
-230.888761
-138.599389
-26.959020
72.773043
138.268726
182.924874
218.649792
230.558098
218.649792
182.924874
120.406267
60.864737
-6.119485
-108.828624
-183.255537
-266.613679
-391.650893
-486.917341
-534.550565
-582.183790
-606.000402
-606.000402
-582.183790
-558.367177
-510.733953
-463.100729
-367.834281
-290.430291
-183.255537
-85.012012
-9.096561
60.864737
147.199956
230.558098
278.191322
290.099628
278.191322
278.191322
278.191322
230.558098
194.833180
147.199956
90.635502
54.910584
32.582510
-0.165332
-21.004867
-55.241247
-96.920318
-96.920318
-96.920318
-108.828624
-102.874471
-108.828624
-114.782777
-85.012012
-67.149553
-67.149553
-55.241247
-49.287094
-26.959020
8.765898
29.605433
54.910584
54.910584
41.513739
60.864737
72.773043
60.864737
32.582510
-0.165332
-3.142408
-49.287094
-132.645236
-159.438925
-218.980455
-266.613679
-278.521985
-266.613679
-230.888761
-171.347231
-61.195400
78.727196
290.099628
581.853126
879.560777
1212.993347
1522.609304
1903.675097
2284.740890
2665.806684
2951.606029
3285.038598
3475.571495
3475.571495
3475.571495
3475.571495
3475.571495
3094.505701
2856.339581
2570.540235
2094.207994
1713.142200
1260.626571
784.294329
367.503617
-26.959020
-415.467505
-736.991768
-975.157889
-1165.690786
-1213.324010
-1260.957234
-1260.957234
-1165.690786
-1022.791113
-879.891441
-736.991768
-558.367177
-415.467505
-290.430291
-183.255537
-90.966165
-12.073638
14.720051
-6.119485
-41.844403
-90.966165
-171.347231
-290.430291
-415.467505
-558.367177
-736.991768
-832.258216
-927.524665
-1022.791113
-1118.057561
-1260.957234
-1356.223682
-1403.856907
-1403.856907
-1451.490131
-1451.490131
-1451.490131
-1451.490131
-1451.490131
-1403.856907
-1356.223682
-1308.590458
-1260.957234
-1213.324010
-1118.057561
-1022.791113
-879.891441
-784.624992
-701.266850
-582.183790
-439.284117
-326.155210
-242.797067
-138.599389
-15.050714
54.910584
132.314573
206.741486
218.649792
242.466404
254.374710
194.833180
138.268726
84.681349
2.811745
-90.966165
-195.163843
-302.338598
-415.467505
-486.917341
-534.550565
-558.367177
-606.000402
-629.817014
-629.817014
-629.817014
-582.183790
-534.550565
-463.100729
-367.834281
-242.797067
-126.691083
-32.913173
78.727196
182.924874
266.283016
343.687005
367.503617
367.503617
391.320230
367.503617
343.687005
313.916240
266.283016
194.833180
147.199956
126.360420
60.864737
-6.119485
-49.287094
-79.057859
-90.966165
-96.920318
-114.782777
-138.599389
-147.530619
-114.782777
-85.012012
-61.195400
-35.890250
-18.027791
17.697127
54.910584
96.589655
126.360420
138.268726
159.108262
159.108262
159.108262
171.016568
147.199956
108.497961
72.773043
14.720051
-55.241247
-132.645236
-183.255537
-230.888761
-290.430291
-314.246904
-326.155210
-302.338598
-266.613679
-195.163843
-55.241247
132.314573
391.320230
700.936187
1022.460450
1403.526243
1713.142200
2094.207994
2475.273787
2761.073132
2951.606029
3094.505701
3285.038598
3285.038598
3285.038598
3285.038598
3094.505701
2856.339581
2475.273787
2094.207994
1713.142200
1308.259795
831.927553
415.136842
-0.165332
-391.650893
-701.266850
-975.157889
-1118.057561
-1260.957234
-1308.590458
-1308.590458
-1260.957234
-1165.690786
-1022.791113
-879.891441
-701.266850
-558.367177
-391.650893
-254.705373
-147.530619
-49.287094
-0.165332
-0.165332
-23.981944
-67.149553
-132.645236
-230.888761
-344.017669
-486.917341
-629.817014
-784.624992
-879.891441
-1022.791113
-1118.057561
-1213.324010
-1260.957234
-1308.590458
-1356.223682
-1403.856907
-1403.856907
-1403.856907
-1356.223682
-1356.223682
-1356.223682
-1260.957234
-1213.324010
-1165.690786
-1118.057561
-1022.791113
-927.524665
-832.258216
-736.991768
-629.817014
-534.550565
-439.284117
-344.017669
-266.613679
-159.438925
-73.103706
11.742974
66.818890
120.406267
194.833180
218.649792
230.558098
254.374710
218.649792
171.016568
120.406267
66.818890
-21.004867
-102.874471
-183.255537
-266.613679
-326.155210
-391.650893
-415.467505
-439.284117
-486.917341
-463.100729
-463.100729
-415.467505
-344.017669
-278.521985
-230.888761
-159.438925
-67.149553
44.490816
171.016568
254.374710
302.007934
343.687005
367.503617
415.136842
415.136842
367.503617
343.687005
325.824546
266.283016
218.649792
171.016568
96.589655
26.628357
-29.936097
-85.012012
-114.782777
-147.530619
-183.255537
-195.163843
-230.888761
-242.797067
-230.888761
-207.072149
-207.072149
-195.163843
-183.255537
-159.438925
-114.782777
-67.149553
11.742974
32.582510
26.628357
60.864737
60.864737
60.864737
90.635502
60.864737
-6.119485
-38.867326
-61.195400
-85.012012
-102.874471
-159.438925
-230.888761
-278.521985
-266.613679
-254.705373
-242.797067
-147.530619
-26.959020
132.314573
367.503617
629.486350
879.560777
1212.993347
1522.609304
1903.675097
2189.474442
2380.007339
2665.806684
2856.339581
3094.505701
3094.505701
3094.505701
3094.505701
2951.606029
2761.073132
2475.273787
2094.207994
1713.142200
1355.893019
927.194001
534.219902
147.199956
-218.980455
-558.367177
-784.624992
-927.524665
-1070.424337
-1165.690786
-1165.690786
-1118.057561
-1070.424337
-975.157889
-784.624992
-653.633626
-510.733953
-367.834281
-218.980455
-67.149553
20.674204
72.773043
120.406267
78.727196
29.605433
-12.073638
-132.645236
-254.705373
-367.834281
-534.550565
-677.450238
-832.258216
-927.524665
-1022.791113
-1165.690786
-1260.957234
-1260.957234
-1308.590458
-1308.590458
-1308.590458
-1308.590458
-1308.590458
-1260.957234
-1213.324010
-1165.690786
-1070.424337
-1022.791113
-927.524665
-879.891441
-784.624992
-701.266850
-629.817014
-534.550565
-439.284117
-391.650893
-326.155210
-242.797067
-159.438925
-102.874471
-49.287094
14.720051
60.864737
108.497961
171.016568
171.016568
159.108262
138.268726
90.635502
48.956431
-12.073638
-108.828624
-183.255537
-242.797067
-278.521985
-314.246904
-314.246904
-344.017669
-391.650893
-415.467505
-415.467505
-439.284117
-367.834281
-314.246904
-278.521985
-230.888761
-171.347231
-90.966165
-32.913173
35.559586
96.589655
126.360420
171.016568
206.741486
218.649792
218.649792
218.649792
194.833180
159.108262
132.314573
114.452114
60.864737
-3.142408
-41.844403
-85.012012
-138.599389
-159.438925
-183.255537
-230.888761
-278.521985
-278.521985
-278.521985
-266.613679
-242.797067
-242.797067
-218.980455
-171.347231
-120.736930
-55.241247
-0.165332
48.956431
66.818890
60.864737
102.543808
132.314573
147.199956
171.016568
138.268726
120.406267
138.268726
108.497961
60.864737
32.582510
-12.073638
-85.012012
-120.736930
-138.599389
-171.347231
-183.255537
-138.599389
-61.195400
60.864737
230.558098
415.136842
653.302962
879.560777
1117.726898
1355.893019
1617.875752
1903.675097
2189.474442
2380.007339
2570.540235
2665.806684
2761.073132
2856.339581
2856.339581
2761.073132
2570.540235
2380.007339
2094.207994
1808.408649
1451.159467
1070.093674
700.936187
367.503617
38.536663
-254.705373
-510.733953
-736.991768
-879.891441
-975.157889
-1070.424337
-1070.424337
-1022.791113
-975.157889
-879.891441
-736.991768
-629.817014
-510.733953
-367.834281
-242.797067
-114.782777
-55.241247
-35.890250
-15.050714
-38.867326
-102.874471
-171.347231
-290.430291
-415.467505
-510.733953
-606.000402
-736.991768
-879.891441
-975.157889
-1070.424337
-1165.690786
-1213.324010
-1260.957234
-1308.590458
-1308.590458
-1308.590458
-1308.590458
-1260.957234
-1260.957234
-1213.324010
-1118.057561
-1070.424337
-1022.791113
-927.524665
-832.258216
-736.991768
-677.450238
-606.000402
-534.550565
-463.100729
-367.834281
-278.521985
-195.163843
-114.782777
-29.936097
23.651280
84.681349
126.360420
147.199956
159.108262
159.108262
159.108262
132.314573
108.497961
66.818890
-0.165332
-23.981944
-35.890250
-102.874471
-171.347231
-218.980455
-254.705373
-266.613679
-290.430291
-302.338598
-278.521985
-278.521985
-266.613679
-218.980455
-159.438925
-108.828624
-41.844403
11.742974
66.818890
108.497961
171.016568
218.649792
230.558098
254.374710
254.374710
254.374710
254.374710
242.466404
218.649792
182.924874
120.406267
84.681349
48.956431
2.811745
-44.821479
-96.920318
-159.438925
-183.255537
-195.163843
-207.072149
-195.163843
-195.163843
-195.163843
-183.255537
-132.645236
-85.012012
-61.195400
-32.913173
-18.027791
-9.096561
26.628357
66.818890
108.497961
159.108262
171.016568
182.924874
194.833180
171.016568
171.016568
147.199956
78.727196
20.674204
-18.027791
-49.287094
-79.057859
-147.530619
-195.163843
-183.255537
-171.347231
-126.691083
-38.867326
54.910584
194.833180
391.320230
581.853126
784.294329
1022.460450
1308.259795
1522.609304
1808.408649
1998.941545
2189.474442
2380.007339
2475.273787
2570.540235
2570.540235
2475.273787
2380.007339
2189.474442
1998.941545
1713.142200
1403.526243
1117.726898
784.294329
462.770066
171.016568
-114.782777
-367.834281
-582.183790
-784.624992
-879.891441
-975.157889
-1022.791113
-975.157889
-927.524665
-832.258216
-736.991768
-629.817014
-534.550565
-439.284117
-326.155210
-207.072149
-132.645236
-73.103706
-35.890250
-38.867326
-61.195400
-96.920318
-183.255537
-254.705373
-344.017669
-510.733953
-653.633626
-736.991768
-879.891441
-975.157889
-1070.424337
-1165.690786
-1260.957234
-1308.590458
-1308.590458
-1356.223682
-1308.590458
-1260.957234
-1260.957234
-1213.324010
-1118.057561
-1022.791113
-927.524665
-832.258216
-736.991768
-629.817014
-534.550565
-439.284117
-326.155210
-242.797067
-159.438925
-90.966165
-32.913173
48.956431
114.452114
138.268726
147.199956
171.016568
206.741486
206.741486
194.833180
194.833180
159.108262
120.406267
102.543808
66.818890
23.651280
-12.073638
-55.241247
-120.736930
-195.163843
-230.888761
-254.705373
-266.613679
-278.521985
-326.155210
-314.246904
-278.521985
-266.613679
-242.797067
-195.163843
-171.347231
-126.691083
-85.012012
-61.195400
-15.050714
48.956431
78.727196
102.543808
132.314573
147.199956
182.924874
171.016568
147.199956
147.199956
126.360420
90.635502
66.818890
29.605433
-9.096561
-29.936097
-38.867326
-67.149553
-108.828624
-132.645236
-159.438925
-183.255537
-207.072149
-207.072149
-218.980455
-218.980455
-183.255537
-159.438925
-120.736930
-85.012012
-61.195400
-0.165332
38.536663
66.818890
102.543808
147.199956
182.924874
182.924874
194.833180
194.833180
159.108262
147.199956
102.543808
48.956431
8.765898
-29.936097
-61.195400
-96.920318
-102.874471
-102.874471
-73.103706
2.811745
90.635502
230.558098
415.136842
581.853126
784.294329
974.827226
1212.993347
1522.609304
1713.142200
1903.675097
2094.207994
2189.474442
2284.740890
2284.740890
2284.740890
2284.740890
2189.474442
1998.941545
1808.408649
1617.875752
1355.893019
1117.726898
831.927553
558.036514
278.191322
23.651280
-195.163843
-391.650893
-558.367177
-701.266850
-784.624992
-832.258216
-879.891441
-879.891441
-832.258216
-736.991768
-677.450238
-606.000402
-534.550565
-439.284117
-367.834281
-302.338598
-242.797067
-207.072149
-195.163843
-218.980455
-230.888761
-278.521985
-344.017669
-439.284117
-510.733953
-606.000402
-736.991768
-832.258216
-927.524665
-1022.791113
-1070.424337
-1118.057561
-1165.690786
-1213.324010
-1213.324010
-1165.690786
-1165.690786
-1165.690786
-1118.057561
-1070.424337
-975.157889
-879.891441
-832.258216
-736.991768
-653.633626
-582.183790
-486.917341
-391.650893
-278.521985
-195.163843
-147.530619
-90.966165
-41.844403
35.559586
108.497961
126.360420
147.199956
171.016568
194.833180
206.741486
194.833180
182.924874
147.199956
102.543808
60.864737
26.628357
-6.119485
-55.241247
-85.012012
-114.782777
-171.347231
-195.163843
-195.163843
-218.980455
-218.980455
-207.072149
-218.980455
-183.255537
-183.255537
-159.438925
-108.828624
-90.966165
-32.913173
5.788821
26.628357
72.773043
108.497961
159.108262
182.924874
206.741486
242.466404
254.374710
254.374710
266.283016
242.466404
206.741486
171.016568
147.199956
102.543808
54.910584
14.720051
-41.844403
-90.966165
-132.645236
-183.255537
-207.072149
-242.797067
-266.613679
-254.705373
-254.705373
-230.888761
-207.072149
-159.438925
-108.828624
-55.241247
5.788821
54.910584
96.589655
159.108262
171.016568
182.924874
206.741486
194.833180
206.741486
194.833180
147.199956
114.452114
48.956431
2.811745
-29.936097
-96.920318
-120.736930
-114.782777
-108.828624
-79.057859
-35.890250
38.536663
147.199956
290.099628
462.770066
629.486350
831.927553
1022.460450
1212.993347
1403.526243
1522.609304
1713.142200
1903.675097
1998.941545
2094.207994
2094.207994
1998.941545
1998.941545
1903.675097
1713.142200
1522.609304
1308.259795
1117.726898
879.560777
605.669738
343.687005
132.314573
-90.966165
-290.430291
-463.100729
-606.000402
-701.266850
-784.624992
-832.258216
-832.258216
-784.624992
-736.991768
-653.633626
-582.183790
-486.917341
-391.650893
-326.155210
-254.705373
-207.072149
-159.438925
-132.645236
-159.438925
-159.438925
-171.347231
-242.797067
-326.155210
-415.467505
-534.550565
-629.817014
-736.991768
-784.624992
-879.891441
-975.157889
-1022.791113
-1070.424337
-1118.057561
-1118.057561
-1118.057561
-1118.057561
-1070.424337
-1022.791113
-975.157889
-927.524665
-832.258216
-736.991768
-653.633626
-582.183790
-463.100729
-391.650893
-302.338598
-195.163843
-126.691083
-67.149553
14.720051
72.773043
114.452114
159.108262
182.924874
206.741486
218.649792
206.741486
194.833180
171.016568
147.199956
102.543808
60.864737
8.765898
-26.959020
-44.821479
-85.012012
-147.530619
-171.347231
-195.163843
-218.980455
-218.980455
-230.888761
-254.705373
-266.613679
-254.705373
-218.980455
-195.163843
-171.347231
-147.530619
-108.828624
-49.287094
-0.165332
17.697127
60.864737
114.452114
159.108262
182.924874
182.924874
182.924874
206.741486
230.558098
218.649792
218.649792
182.924874
114.452114
78.727196
41.513739
-12.073638
-67.149553
-120.736930
-159.438925
-183.255537
-207.072149
-242.797067
-242.797067
-266.613679
-266.613679
-242.797067
-218.980455
-183.255537
-147.530619
-108.828624
-55.241247
20.674204
96.589655
132.314573
182.924874
230.558098
254.374710
254.374710
254.374710
254.374710
218.649792
218.649792
194.833180
147.199956
108.497961
35.559586
-12.073638
-26.959020
-73.103706
-102.874471
-85.012012
-55.241247
-12.073638
66.818890
171.016568
325.824546
462.770066
605.669738
831.927553
1022.460450
1212.993347
1403.526243
1617.875752
1713.142200
1808.408649
1903.675097
1998.941545
1998.941545
1903.675097
1808.408649
1713.142200
1617.875752
1403.526243
1212.993347
974.827226
736.661105
486.586678
230.558098
-9.096561
-218.980455
-391.650893
-558.367177
-701.266850
-784.624992
-832.258216
-879.891441
-832.258216
-784.624992
-736.991768
-701.266850
-629.817014
-534.550565
-463.100729
-367.834281
-278.521985
-242.797067
-183.255537
-147.530619
-132.645236
-138.599389
-183.255537
-242.797067
-314.246904
-367.834281
-439.284117
-582.183790
-677.450238
-736.991768
-832.258216
-879.891441
-975.157889
-1022.791113
-1070.424337
-1070.424337
-1070.424337
-1070.424337
-1022.791113
-975.157889
-927.524665
-832.258216
-736.991768
-653.633626
-582.183790
-486.917341
-367.834281
-254.705373
-171.347231
-108.828624
-67.149553
-21.004867
38.536663
90.635502
102.543808
114.452114
132.314573
126.360420
126.360420
108.497961
84.681349
66.818890
35.559586
-3.142408
-41.844403
-79.057859
-114.782777
-132.645236
-159.438925
-171.347231
-183.255537
-207.072149
-195.163843
-195.163843
-195.163843
-171.347231
-159.438925
-159.438925
-132.645236
-108.828624
-67.149553
-49.287094
-55.241247
-21.004867
5.788821
23.651280
78.727196
108.497961
90.635502
84.681349
108.497961
108.497961
96.589655
84.681349
90.635502
84.681349
60.864737
54.910584
48.956431
48.956431
38.536663
-0.165332
-23.981944
-38.867326
-67.149553
-90.966165
-90.966165
-102.874471
-102.874471
-96.920318
-90.966165
-73.103706
-49.287094
-23.981944
11.742974
48.956431
84.681349
96.589655
114.452114
159.108262
194.833180
194.833180
194.833180
182.924874
171.016568
171.016568
159.108262
147.199956
90.635502
26.628357
-0.165332
-15.050714
-67.149553
-102.874471
-85.012012
-73.103706
-29.936097
35.559586
114.452114
242.466404
367.503617
510.403290
700.936187
879.560777
1022.460450
1212.993347
1403.526243
1522.609304
1617.875752
1713.142200
1808.408649
1808.408649
1903.675097
1808.408649
1713.142200
1617.875752
1451.159467
1308.259795
1117.726898
879.560777
653.302962
415.136842
194.833180
-26.959020
-218.980455
-367.834281
-510.733953
-629.817014
-736.991768
-784.624992
-784.624992
-784.624992
-784.624992
-701.266850
-653.633626
-582.183790
-510.733953
-439.284117
-367.834281
-302.338598
-242.797067
-218.980455
-218.980455
-195.163843
-230.888761
-278.521985
-302.338598
-391.650893
-486.917341
-558.367177
-629.817014
-701.266850
-784.624992
-832.258216
-927.524665
-975.157889
-975.157889
-1022.791113
-1022.791113
-975.157889
-975.157889
-975.157889
-927.524665
-832.258216
-736.991768
-677.450238
-582.183790
-510.733953
-391.650893
-290.430291
-207.072149
-138.599389
-61.195400
2.811745
54.910584
72.773043
96.589655
132.314573
147.199956
147.199956
132.314573
114.452114
78.727196
41.513739
14.720051
-26.959020
-73.103706
-108.828624
-147.530619
-171.347231
-195.163843
-218.980455
-218.980455
-218.980455
-207.072149
-207.072149
-207.072149
-195.163843
-171.347231
-138.599389
-120.736930
-96.920318
-55.241247
-32.913173
-21.004867
23.651280
48.956431
38.536663
66.818890
84.681349
72.773043
90.635502
90.635502
72.773043
78.727196
102.543808
102.543808
90.635502
96.589655
102.543808
78.727196
48.956431
29.605433
23.651280
11.742974
-15.050714
-35.890250
-29.936097
-49.287094
-73.103706
-79.057859
-73.103706
-79.057859
-79.057859
-49.287094
-38.867326
-23.981944
-3.142408
20.674204
54.910584
78.727196
108.497961
147.199956
159.108262
159.108262
171.016568
171.016568
147.199956
138.268726
147.199956
147.199956
108.497961
96.589655
54.910584
41.513739
66.818890
54.910584
48.956431
84.681349
126.360420
171.016568
278.191322
391.320230
510.403290
653.302962
831.927553
927.194001
1070.093674
1260.626571
1355.893019
1522.609304
1617.875752
1617.875752
1617.875752
1617.875752
1617.875752
1617.875752
1522.609304
1355.893019
1165.360122
1022.460450
831.927553
629.486350
415.136842
218.649792
35.559586
-138.599389
-278.521985
-439.284117
-558.367177
-629.817014
-701.266850
-736.991768
-736.991768
-701.266850
-677.450238
-629.817014
-606.000402
-534.550565
-439.284117
-367.834281
-344.017669
-290.430291
-254.705373
-230.888761
-230.888761
-266.613679
-290.430291
-314.246904
-367.834281
-415.467505
-486.917341
-558.367177
-629.817014
-701.266850
-736.991768
-832.258216
-832.258216
-879.891441
-927.524665
-927.524665
-879.891441
-832.258216
-832.258216
-784.624992
-736.991768
-677.450238
-629.817014
-558.367177
-486.917341
-391.650893
-314.246904
-242.797067
-171.347231
-114.782777
-38.867326
17.697127
41.513739
72.773043
96.589655
108.497961
90.635502
84.681349
72.773043
48.956431
29.605433
-15.050714
-49.287094
-90.966165
-159.438925
-183.255537
-195.163843
-218.980455
-242.797067
-278.521985
-266.613679
-254.705373
-266.613679
-242.797067
-230.888761
-230.888761
-195.163843
-147.530619
-90.966165
-67.149553
-49.287094
-15.050714
-0.165332
32.582510
78.727196
84.681349
90.635502
102.543808
102.543808
96.589655
96.589655
114.452114
114.452114
90.635502
84.681349
54.910584
32.582510
26.628357
2.811745
2.811745
8.765898
-26.959020
-29.936097
-0.165332
-15.050714
-21.004867
-9.096561
-18.027791
-12.073638
-15.050714
-12.073638
11.742974
17.697127
35.559586
54.910584
72.773043
114.452114
138.268726
171.016568
194.833180
206.741486
194.833180
218.649792
242.466404
242.466404
218.649792
206.741486
206.741486
171.016568
159.108262
147.199956
102.543808
78.727196
102.543808
102.543808
108.497961
159.108262
230.558098
302.007934
391.320230
486.586678
581.853126
677.119575
831.927553
927.194001
1070.093674
1165.360122
1260.626571
1308.259795
1403.526243
1403.526243
1451.159467
1403.526243
1355.893019
1260.626571
1165.360122
1022.460450
927.194001
784.294329
605.669738
415.136842
242.466404
108.497961
-15.050714
-183.255537
-326.155210
-415.467505
-510.733953
-558.367177
-606.000402
-653.633626
-629.817014
-606.000402
-582.183790
-534.550565
-486.917341
-439.284117
-391.650893
-344.017669
-278.521985
-266.613679
-278.521985
-254.705373
-254.705373
-266.613679
-290.430291
-367.834281
-439.284117
-486.917341
-510.733953
-582.183790
-677.450238
-736.991768
-784.624992
-832.258216
-879.891441
-879.891441
-927.524665
-927.524665
-927.524665
-879.891441
-832.258216
-784.624992
-701.266850
-629.817014
-558.367177
-463.100729
-415.467505
-326.155210
-230.888761
-147.530619
-67.149553
11.742974
54.910584
72.773043
96.589655
132.314573
132.314573
96.589655
90.635502
66.818890
29.605433
8.765898
-29.936097
-67.149553
-114.782777
-159.438925
-195.163843
-218.980455
-218.980455
-230.888761
-242.797067
-242.797067
-242.797067
-230.888761
-218.980455
-183.255537
-147.530619
-120.736930
-85.012012
-49.287094
-29.936097
14.720051
60.864737
78.727196
96.589655
102.543808
102.543808
108.497961
147.199956
147.199956
132.314573
120.406267
90.635502
72.773043
72.773043
66.818890
60.864737
54.910584
38.536663
32.582510
17.697127
23.651280
26.628357
5.788821
2.811745
8.765898
-0.165332
5.788821
23.651280
29.605433
20.674204
26.628357
41.513739
48.956431
84.681349
108.497961
96.589655
114.452114
147.199956
159.108262
171.016568
171.016568
171.016568
182.924874
171.016568
182.924874
171.016568
138.268726
147.199956
120.406267
120.406267
102.543808
66.818890
90.635502
126.360420
147.199956
159.108262
206.741486
254.374710
313.916240
438.953454
534.219902
581.853126
677.119575
784.294329
879.560777
974.827226
1070.093674
1117.726898
1165.360122
1212.993347
1260.626571
1260.626571
1212.993347
1165.360122
1117.726898
1022.460450
927.194001
784.294329
653.302962
510.403290
367.503617
218.649792
60.864737
-79.057859
-195.163843
-302.338598
-367.834281
-415.467505
-486.917341
-558.367177
-558.367177
-582.183790
-558.367177
-534.550565
-510.733953
-463.100729
-415.467505
-367.834281
-326.155210
-302.338598
-266.613679
-266.613679
-254.705373
-230.888761
-266.613679
-314.246904
-344.017669
-391.650893
-415.467505
-486.917341
-534.550565
-582.183790
-606.000402
-629.817014
-701.266850
-736.991768
-736.991768
-736.991768
-736.991768
-736.991768
-736.991768
-677.450238
-629.817014
-558.367177
-486.917341
-439.284117
-367.834281
-314.246904
-266.613679
-207.072149
-147.530619
-96.920318
-49.287094
-3.142408
29.605433
11.742974
-0.165332
11.742974
-12.073638
-21.004867
-49.287094
-108.828624
-114.782777
-114.782777
-147.530619
-171.347231
-195.163843
-218.980455
-230.888761
-230.888761
-230.888761
-218.980455
-218.980455
-195.163843
-159.438925
-126.691083
-102.874471
-73.103706
-55.241247
-26.959020
2.811745
17.697127
14.720051
23.651280
38.536663
60.864737
78.727196
66.818890
72.773043
78.727196
60.864737
72.773043
60.864737
35.559586
11.742974
-32.913173
-41.844403
-35.890250
-67.149553
-79.057859
-73.103706
-96.920318
-102.874471
-90.966165
-96.920318
-73.103706
-55.241247
-55.241247
-21.004867
-23.981944
-29.936097
23.651280
72.773043
96.589655
120.406267
132.314573
147.199956
171.016568
194.833180
206.741486
230.558098
242.466404
242.466404
254.374710
230.558098
206.741486
218.649792
206.741486
206.741486
230.558098
206.741486
218.649792
218.649792
206.741486
254.374710
266.283016
302.007934
343.687005
391.320230
438.953454
510.403290
558.036514
653.302962
736.661105
784.294329
879.560777
927.194001
974.827226
1022.460450
1022.460450
1070.093674
1022.460450
974.827226
927.194001
927.194001
831.927553
736.661105
629.486350
534.219902
438.953454
343.687005
230.558098
102.543808
8.765898
-73.103706
-147.530619
-207.072149
-278.521985
-326.155210
-367.834281
-415.467505
-391.650893
-391.650893
-415.467505
-391.650893
-367.834281
-326.155210
-302.338598
-278.521985
-254.705373
-230.888761
-242.797067
-230.888761
-242.797067
-278.521985
-302.338598
-314.246904
-367.834281
-415.467505
-463.100729
-510.733953
-534.550565
-582.183790
-629.817014
-677.450238
-701.266850
-736.991768
-736.991768
-736.991768
-736.991768
-736.991768
-701.266850
-629.817014
-582.183790
-534.550565
-510.733953
-439.284117
-367.834281
-302.338598
-242.797067
-195.163843
-159.438925
-96.920318
-49.287094
-29.936097
-29.936097
-18.027791
-23.981944
-49.287094
-61.195400
-79.057859
-114.782777
-159.438925
-195.163843
-207.072149
-230.888761
-266.613679
-266.613679
-266.613679
-278.521985
-278.521985
-278.521985
-266.613679
-254.705373
-242.797067
-183.255537
-147.530619
-120.736930
-61.195400
-21.004867
2.811745
35.559586
48.956431
78.727196
120.406267
138.268726
171.016568
182.924874
171.016568
182.924874
206.741486
206.741486
206.741486
194.833180
171.016568
147.199956
138.268726
120.406267
84.681349
72.773043
54.910584
54.910584
72.773043
48.956431
66.818890
96.589655
90.635502
108.497961
108.497961
108.497961
120.406267
138.268726
171.016568
182.924874
182.924874
194.833180
206.741486
218.649792
218.649792
171.016568
159.108262
182.924874
159.108262
147.199956
138.268726
108.497961
96.589655
114.452114
102.543808
96.589655
84.681349
78.727196
96.589655
108.497961
138.268726
171.016568
206.741486
230.558098
278.191322
343.687005
391.320230
462.770066
510.403290
558.036514
629.486350
677.119575
700.936187
736.661105
784.294329
784.294329
784.294329
784.294329
736.661105
736.661105
677.119575
605.669738
534.219902
462.770066
415.136842
343.687005
266.283016
182.924874
108.497961
44.490816
-12.073638
-67.149553
-126.691083
-183.255537
-230.888761
-266.613679
-266.613679
-290.430291
-314.246904
-302.338598
-302.338598
-314.246904
-290.430291
-290.430291
-278.521985
-254.705373
-266.613679
-266.613679
-278.521985
-290.430291
-314.246904
-344.017669
-391.650893
-415.467505
-415.467505
-439.284117
-486.917341
-510.733953
-534.550565
-558.367177
-558.367177
-558.367177
-558.367177
-558.367177
-558.367177
-534.550565
-510.733953
-486.917341
-439.284117
-415.467505
-367.834281
-344.017669
-302.338598
-242.797067
-195.163843
-171.347231
-138.599389
-132.645236
-120.736930
-79.057859
-73.103706
-73.103706
-67.149553
-73.103706
-67.149553
-61.195400
-73.103706
-79.057859
-102.874471
-132.645236
-138.599389
-159.438925
-159.438925
-171.347231
-195.163843
-183.255537
-207.072149
-183.255537
-171.347231
-171.347231
-159.438925
-159.438925
-138.599389
-85.012012
-67.149553
-44.821479
-12.073638
11.742974
32.582510
32.582510
38.536663
54.910584
48.956431
66.818890
90.635502
90.635502
102.543808
102.543808
90.635502
96.589655
90.635502
78.727196
72.773043
54.910584
44.490816
38.536663
29.605433
38.536663
41.513739
32.582510
41.513739
54.910584
78.727196
84.681349
102.543808
108.497961
84.681349
102.543808
132.314573
132.314573
147.199956
171.016568
182.924874
206.741486
218.649792
242.466404
242.466404
242.466404
242.466404
242.466404
230.558098
242.466404
230.558098
254.374710
278.191322
290.099628
313.916240
302.007934
325.824546
367.503617
391.320230
415.136842
438.953454
486.586678
486.586678
510.403290
558.036514
581.853126
605.669738
605.669738
605.669738
629.486350
629.486350
581.853126
605.669738
581.853126
558.036514
510.403290
438.953454
391.320230
343.687005
266.283016
206.741486
159.108262
78.727196
17.697127
-29.936097
-85.012012
-132.645236
-171.347231
-207.072149
-242.797067
-266.613679
-266.613679
-290.430291
-314.246904
-314.246904
-314.246904
-302.338598
-302.338598
-302.338598
-290.430291
-290.430291
-278.521985
-278.521985
-266.613679
-254.705373
-278.521985
-302.338598
-314.246904
-344.017669
-344.017669
-391.650893
-415.467505
-415.467505
-439.284117
-463.100729
-486.917341
-510.733953
-510.733953
-534.550565
-534.550565
-486.917341
-486.917341
-463.100729
-415.467505
-415.467505
-344.017669
-314.246904
-278.521985
-218.980455
-195.163843
-147.530619
-132.645236
-132.645236
-102.874471
-102.874471
-102.874471
-73.103706
-61.195400
-79.057859
-102.874471
-90.966165
-85.012012
-96.920318
-85.012012
-96.920318
-126.691083
-126.691083
-126.691083
-132.645236
-114.782777
-132.645236
-147.530619
-132.645236
-120.736930
-126.691083
-102.874471
-73.103706
-67.149553
-73.103706
-49.287094
-21.004867
-18.027791
-3.142408
11.742974
8.765898
38.536663
66.818890
48.956431
38.536663
48.956431
60.864737
48.956431
44.490816
44.490816
35.559586
29.605433
26.628357
32.582510
41.513739
32.582510
29.605433
41.513739
54.910584
84.681349
84.681349
90.635502
120.406267
114.452114
108.497961
132.314573
147.199956
159.108262
182.924874
194.833180
194.833180
218.649792
254.374710
254.374710
278.191322
302.007934
302.007934
325.824546
343.687005
343.687005
325.824546
343.687005
343.687005
325.824546
325.824546
325.824546
325.824546
313.916240
343.687005
343.687005
343.687005
343.687005
343.687005
343.687005
367.503617
343.687005
343.687005
343.687005
343.687005
343.687005
343.687005
367.503617
391.320230
367.503617
367.503617
367.503617
325.824546
325.824546
313.916240
278.191322
254.374710
218.649792
182.924874
159.108262
132.314573
120.406267
60.864737
8.765898
-15.050714
-61.195400
-85.012012
-96.920318
-126.691083
-147.530619
-195.163843
-207.072149
-207.072149
-218.980455
-218.980455
-242.797067
-230.888761
-218.980455
-266.613679
-266.613679
-266.613679
-254.705373
-254.705373
-290.430291
-302.338598
-302.338598
-314.246904
-314.246904
-326.155210
-344.017669
-367.834281
-391.650893
-415.467505
-415.467505
-391.650893
-415.467505
-439.284117
-439.284117
-439.284117
-439.284117
-415.467505
-391.650893
-391.650893
-367.834281
-367.834281
-344.017669
-302.338598
-266.613679
-242.797067
-218.980455
-183.255537
-138.599389
-147.530619
-138.599389
-108.828624
-126.691083
-132.645236
-120.736930
-102.874471
-90.966165
-120.736930
-126.691083
-126.691083
-132.645236
-108.828624
-120.736930
-138.599389
-147.530619
-159.438925
-120.736930
-108.828624
-96.920318
-79.057859
-73.103706
-55.241247
-49.287094
-44.821479
-21.004867
-0.165332
14.720051
35.559586
60.864737
66.818890
41.513739
35.559586
48.956431
66.818890
78.727196
72.773043
66.818890
66.818890
72.773043
60.864737
32.582510
35.559586
38.536663
29.605433
35.559586
41.513739
48.956431
60.864737
60.864737
60.864737
90.635502
114.452114
102.543808
108.497961
138.268726
147.199956
147.199956
171.016568
206.741486
218.649792
206.741486
230.558098
266.283016
278.191322
278.191322
302.007934
313.916240
343.687005
343.687005
325.824546
343.687005
367.503617
367.503617
367.503617
343.687005
343.687005
367.503617
343.687005
343.687005
313.916240
343.687005
343.687005
290.099628
290.099628
302.007934
266.283016
242.466404
254.374710
266.283016
254.374710
242.466404
242.466404
242.466404
242.466404
230.558098
230.558098
230.558098
230.558098
206.741486
206.741486
194.833180
171.016568
159.108262
132.314573
108.497961
78.727196
60.864737
44.490816
5.788821
-12.073638
-23.981944
-55.241247
-79.057859
-108.828624
-147.530619
-183.255537
-195.163843
-218.980455
-230.888761
-242.797067
-278.521985
-290.430291
-278.521985
-278.521985
-266.613679
-266.613679
-290.430291
-302.338598
-290.430291
-290.430291
-278.521985
-290.430291
-290.430291
-278.521985
-302.338598
-302.338598
-290.430291
-302.338598
-302.338598
-302.338598
-314.246904
-326.155210
-344.017669
-326.155210
-302.338598
-302.338598
-302.338598
-326.155210
-326.155210
-302.338598
-290.430291
-278.521985
-242.797067
-230.888761
-230.888761
-242.797067
-218.980455
-183.255537
-159.438925
-147.530619
-147.530619
-138.599389
-126.691083
-132.645236
-120.736930
-120.736930
-120.736930
-126.691083
-120.736930
-114.782777
-108.828624
-90.966165
-90.966165
-96.920318
-96.920318
-73.103706
-49.287094
-35.890250
-18.027791
-12.073638
-41.844403
-38.867326
-6.119485
-0.165332
14.720051
23.651280
11.742974
26.628357
54.910584
60.864737
66.818890
84.681349
84.681349
78.727196
84.681349
96.589655
96.589655
96.589655
90.635502
78.727196
90.635502
114.452114
120.406267
114.452114
120.406267
114.452114
120.406267
147.199956
159.108262
171.016568
171.016568
171.016568
182.924874
182.924874
182.924874
171.016568
182.924874
206.741486
230.558098
230.558098
218.649792
230.558098
254.374710
254.374710
278.191322
254.374710
266.283016
278.191322
266.283016
278.191322
302.007934
290.099628
302.007934
302.007934
302.007934
313.916240
302.007934
302.007934
290.099628
266.283016
266.283016
254.374710
230.558098
230.558098
206.741486
194.833180
194.833180
182.924874
182.924874
171.016568
147.199956
159.108262
147.199956
132.314573
126.360420
108.497961
96.589655
84.681349
54.910584
41.513739
14.720051
14.720051
35.559586
17.697127
-6.119485
-18.027791
-44.821479
-61.195400
-55.241247
-67.149553
-102.874471
-138.599389
-171.347231
-183.255537
-195.163843
-195.163843
-207.072149
-218.980455
-218.980455
-218.980455
-230.888761
-230.888761
-207.072149
-218.980455
-230.888761
-230.888761
-242.797067
-230.888761
-230.888761
-230.888761
-242.797067
-254.705373
-266.613679
-266.613679
-254.705373
-242.797067
-254.705373
-254.705373
-242.797067
-278.521985
-278.521985
-266.613679
-302.338598
-302.338598
-302.338598
-302.338598
-290.430291
-290.430291
-266.613679
-230.888761
-230.888761
-230.888761
-218.980455
-195.163843
-159.438925
-147.530619
-159.438925
-159.438925
-138.599389
-114.782777
-114.782777
-114.782777
-108.828624
-102.874471
-90.966165
-73.103706
-49.287094
-26.959020
-26.959020
-29.936097
-18.027791
-18.027791
-23.981944
-18.027791
8.765898
14.720051
-0.165332
8.765898
20.674204
17.697127
48.956431
60.864737
54.910584
72.773043
78.727196
78.727196
102.543808
102.543808
96.589655
126.360420
114.452114
114.452114
138.268726
138.268726
159.108262
147.199956
132.314573
159.108262
132.314573
102.543808
120.406267
114.452114
114.452114
120.406267
120.406267
126.360420
120.406267
120.406267
126.360420
126.360420
132.314573
132.314573
126.360420
147.199956
171.016568
171.016568
159.108262
147.199956
147.199956
171.016568
182.924874
182.924874
182.924874
194.833180
218.649792
206.741486
218.649792
230.558098
206.741486
206.741486
218.649792
206.741486
242.466404
242.466404
230.558098
230.558098
218.649792
206.741486
206.741486
194.833180
194.833180
206.741486
182.924874
138.268726
138.268726
147.199956
126.360420
108.497961
96.589655
90.635502
84.681349
90.635502
96.589655
90.635502
72.773043
38.536663
23.651280
23.651280
11.742974
-0.165332
-6.119485
-15.050714
-15.050714
-21.004867
-41.844403
-55.241247
-61.195400
-73.103706
-96.920318
-114.782777
-114.782777
-96.920318
-108.828624
-120.736930
-132.645236
-159.438925
-171.347231
-171.347231
-171.347231
-171.347231
-183.255537
-195.163843
-207.072149
-218.980455
-218.980455
-242.797067
-230.888761
-242.797067
-242.797067
-230.888761
-230.888761
-242.797067
-242.797067
-254.705373
-266.613679
-254.705373
-254.705373
-254.705373
-254.705373
-242.797067
-218.980455
-218.980455
-218.980455
-230.888761
-254.705373
-230.888761
-207.072149
-207.072149
-195.163843
-195.163843
-171.347231
-159.438925
-171.347231
-147.530619
-126.691083
-120.736930
-108.828624
-108.828624
-96.920318
-73.103706
-79.057859
-79.057859
-61.195400
-61.195400
-49.287094
-29.936097
-12.073638
2.811745
8.765898
26.628357
20.674204
26.628357
54.910584
35.559586
32.582510
41.513739
44.490816
60.864737
48.956431
54.910584
84.681349
84.681349
72.773043
72.773043
84.681349
96.589655
90.635502
102.543808
120.406267
126.360420
126.360420
126.360420
126.360420
126.360420
126.360420
126.360420
126.360420
138.268726
120.406267
120.406267
126.360420
126.360420
132.314573
132.314573
120.406267
120.406267
108.497961
126.360420
159.108262
147.199956
147.199956
147.199956
120.406267
138.268726
147.199956
147.199956
159.108262
138.268726
132.314573
147.199956
147.199956
132.314573
120.406267
126.360420
120.406267
126.360420
132.314573
114.452114
132.314573
138.268726
114.452114
114.452114
114.452114
120.406267
120.406267
102.543808
102.543808
102.543808
102.543808
96.589655
84.681349
96.589655
102.543808
78.727196
60.864737
48.956431
66.818890
60.864737
44.490816
48.956431
20.674204
-6.119485
-3.142408
-12.073638
-3.142408
5.788821
5.788821
2.811745
-6.119485
-0.165332
-15.050714
-49.287094
-41.844403
-55.241247
-79.057859
-73.103706
-73.103706
-73.103706
-61.195400
-55.241247
-73.103706
-90.966165
-96.920318
-120.736930
-120.736930
-114.782777
-114.782777
-114.782777
-120.736930
-114.782777
-120.736930
-120.736930
-126.691083
-147.530619
-138.599389
-120.736930
-126.691083
-126.691083
-108.828624
-114.782777
-120.736930
-132.645236
-138.599389
-138.599389
-132.645236
-120.736930
-120.736930
-120.736930
-126.691083
-126.691083
-120.736930
-132.645236
-138.599389
-102.874471
-108.828624
-120.736930
-96.920318
-96.920318
-102.874471
-102.874471
-96.920318
-85.012012
-96.920318
-96.920318
-85.012012
-73.103706
-67.149553
-61.195400
-49.287094
-38.867326
-44.821479
-49.287094
-55.241247
-49.287094
-41.844403
-41.844403
-32.913173
-18.027791
-18.027791
-15.050714
-18.027791
-0.165332
14.720051
11.742974
5.788821
14.720051
38.536663
48.956431
44.490816
48.956431
54.910584
60.864737
48.956431
48.956431
66.818890
60.864737
60.864737
72.773043
72.773043
78.727196
90.635502
66.818890
66.818890
78.727196
84.681349
90.635502
72.773043
66.818890
84.681349
84.681349
66.818890
60.864737
54.910584
44.490816
38.536663
60.864737
66.818890
60.864737
60.864737
41.513739
48.956431
44.490816
38.536663
41.513739
35.559586
48.956431
60.864737
48.956431
29.605433
35.559586
54.910584
38.536663
26.628357
48.956431
60.864737
54.910584
54.910584
54.910584
54.910584
54.910584
48.956431
38.536663
23.651280
29.605433
44.490816
60.864737
72.773043
84.681349
90.635502
78.727196
66.818890
66.818890
66.818890
48.956431
48.956431
44.490816
48.956431
48.956431
48.956431
41.513739
41.513739
48.956431
44.490816
38.536663
23.651280
26.628357
35.559586
20.674204
11.742974
8.765898
5.788821
17.697127
23.651280
14.720051
-0.165332
-3.142408
17.697127
11.742974
-6.119485
-12.073638
-23.981944
-29.936097
-18.027791
-18.027791
-23.981944
-15.050714
-21.004867
-29.936097
-21.004867
-15.050714
-26.959020
-44.821479
-55.241247
-41.844403
-44.821479
-61.195400
-49.287094
-35.890250
-67.149553
-79.057859
-67.149553
-67.149553
-79.057859
-73.103706
-73.103706
-96.920318
-90.966165
-73.103706
-67.149553
-79.057859
-73.103706
-79.057859
-79.057859
-79.057859
-85.012012
-90.966165
-96.920318
-96.920318
-90.966165
-79.057859
-79.057859
-85.012012
-67.149553
-67.149553
-73.103706
-38.867326
-38.867326
-55.241247
-49.287094
-38.867326
-35.890250
-41.844403
-38.867326
-44.821479
-44.821479
-29.936097
-15.050714
-12.073638
-21.004867
-18.027791
-15.050714
-26.959020
-35.890250
-29.936097
-12.073638
-12.073638
-6.119485
5.788821
2.811745
5.788821
29.605433
38.536663
35.559586
48.956431
44.490816
38.536663
54.910584
44.490816
29.605433
38.536663
54.910584
54.910584
38.536663
26.628357
35.559586
32.582510
29.605433
35.559586
23.651280
2.811745
11.742974
17.697127
-0.165332
-0.165332
8.765898
11.742974
11.742974
11.742974
11.742974
5.788821
2.811745
-0.165332
-0.165332
-0.165332
-0.165332
5.788821
14.720051
17.697127
29.605433
20.674204
2.811745
17.697127
29.605433
11.742974
5.788821
11.742974
17.697127
-0.165332
-0.165332
29.605433
23.651280
5.788821
26.628357
20.674204
8.765898
23.651280
41.513739
32.582510
29.605433
60.864737
72.773043
48.956431
60.864737
60.864737
60.864737
72.773043
72.773043
78.727196
78.727196
72.773043
72.773043
54.910584
41.513739
48.956431
38.536663
44.490816
38.536663
32.582510
41.513739
38.536663
44.490816
44.490816
17.697127
-0.165332
11.742974
14.720051
-0.165332
8.765898
17.697127
2.811745
2.811745
20.674204
14.720051
5.788821
17.697127
11.742974
2.811745
5.788821
5.788821
-6.119485
-26.959020
-23.981944
-29.936097
-61.195400
-55.241247
-32.913173
-49.287094
-49.287094
-35.890250
-67.149553
-85.012012
-67.149553
-79.057859
-90.966165
-67.149553
-73.103706
-85.012012
-90.966165
-96.920318
-67.149553
-55.241247
-73.103706
-55.241247
-49.287094
-55.241247
-41.844403
-29.936097
-41.844403
-49.287094
-35.890250
-26.959020
-41.844403
-35.890250
-12.073638
-26.959020
-35.890250
-21.004867
-18.027791
-12.073638
-18.027791
-23.981944
-15.050714
-3.142408
8.765898
11.742974
14.720051
32.582510
41.513739
38.536663
29.605433
17.697127
29.605433
44.490816
41.513739
44.490816
60.864737
66.818890
60.864737
72.773043
66.818890
44.490816
44.490816
54.910584
54.910584
48.956431
48.956431
48.956431
26.628357
17.697127
17.697127
-0.165332
-6.119485
-0.165332
-0.165332
-12.073638
-0.165332
-0.165332
-32.913173
-38.867326
-35.890250
-55.241247
-29.936097
-12.073638
-23.981944
-26.959020
-32.913173
-23.981944
-18.027791
-18.027791
-26.959020
-44.821479
-44.821479
-38.867326
-44.821479
-49.287094
-49.287094
-44.821479
-38.867326
-41.844403
-49.287094
-55.241247
-49.287094
-49.287094
-49.287094
-32.913173
-38.867326
-32.913173
-23.981944
-26.959020
-9.096561
-6.119485
-15.050714
-18.027791
-0.165332
32.582510
32.582510
20.674204
35.559586
32.582510
14.720051
41.513739
54.910584
35.559586
44.490816
60.864737
54.910584
54.910584
72.773043
72.773043
60.864737
66.818890
60.864737
48.956431
35.559586
35.559586
29.605433
11.742974
11.742974
32.582510
29.605433
29.605433
35.559586
23.651280
26.628357
26.628357
14.720051
29.605433
32.582510
26.628357
29.605433
11.742974
8.765898
32.582510
26.628357
17.697127
35.559586
38.536663
26.628357
11.742974
8.765898
-0.165332
-9.096561
-3.142408
-0.165332
-0.165332
-12.073638
-23.981944
-29.936097
-38.867326
-35.890250
-29.936097
-38.867326
-32.913173
-21.004867
-23.981944
-29.936097
-23.981944
-21.004867
-26.959020
-21.004867
-15.050714
-12.073638
-0.165332
-6.119485
-23.981944
-18.027791
-18.027791
-21.004867
-6.119485
-0.165332
-18.027791
-18.027791
2.811745
-9.096561
-32.913173
-35.890250
-26.959020
-18.027791
-18.027791
-15.050714
-15.050714
-18.027791
-15.050714
-6.119485
11.742974
5.788821
-0.165332
17.697127
8.765898
14.720051
20.674204
8.765898
8.765898
20.674204
20.674204
2.811745
2.811745
20.674204
14.720051
5.788821
11.742974
20.674204
23.651280
14.720051
11.742974
-0.165332
-21.004867
-21.004867
-21.004867
-35.890250
-6.119485
11.742974
-3.142408
-3.142408
-9.096561
-21.004867
-23.981944
-32.913173
-29.936097
-23.981944
-32.913173
-32.913173
-26.959020
-32.913173
-35.890250
-35.890250
-32.913173
-23.981944
-32.913173
-29.936097
-12.073638
-18.027791
-41.844403
-44.821479
-23.981944
-15.050714
-15.050714
-6.119485
-15.050714
-18.027791
-15.050714
-0.165332
-0.165332
-6.119485
-0.165332
11.742974
-3.142408
-21.004867
-18.027791
-3.142408
-0.165332
8.765898
20.674204
35.559586
48.956431
35.559586
32.582510
29.605433
20.674204
38.536663
48.956431
38.536663
44.490816
41.513739
29.605433
41.513739
54.910584
48.956431
23.651280
26.628357
32.582510
20.674204
23.651280
29.605433
17.697127
-0.165332
-3.142408
2.811745
2.811745
-0.165332
-0.165332
2.811745
2.811745
-0.165332
8.765898
32.582510
32.582510
20.674204
14.720051
8.765898
-0.165332
-0.165332
20.674204
35.559586
20.674204
14.720051
14.720051
-3.142408
-6.119485
-0.165332
-3.142408
-15.050714
-12.073638
-9.096561
-21.004867
-26.959020
-15.050714
-15.050714
-21.004867
-6.119485
-0.165332
-3.142408
-12.073638
-6.119485
-0.165332
-9.096561
-0.165332
5.788821
2.811745
17.697127
20.674204
5.788821
-6.119485
-12.073638
-9.096561
-15.050714
-12.073638
5.788821
14.720051
-0.165332
-6.119485
-18.027791
-26.959020
-3.142408
5.788821
-3.142408
11.742974
14.720051
-0.165332
5.788821
20.674204
20.674204
17.697127
23.651280
23.651280
17.697127
14.720051
8.765898
5.788821
-0.165332
-0.165332
-0.165332
-0.165332
5.788821
-0.165332
2.811745
2.811745
-6.119485
-0.165332
2.811745
8.765898
17.697127
14.720051
5.788821
-12.073638
-23.981944
-12.073638
-12.073638
-12.073638
-0.165332
-15.050714
-41.844403
-23.981944
-29.936097
-55.241247
-35.890250
-35.890250
-55.241247
-61.195400
-49.287094
-61.195400
-79.057859
-49.287094
-21.004867
-29.936097
-23.981944
-15.050714
-29.936097
-49.287094
-32.913173
-18.027791
-15.050714
-9.096561
-12.073638
-9.096561
-18.027791
-23.981944
-12.073638
-15.050714
-21.004867
-15.050714
-21.004867
-12.073638
-15.050714
-18.027791
-12.073638
-26.959020
-18.027791
-3.142408
-6.119485
2.811745
20.674204
32.582510
26.628357
5.788821
8.765898
17.697127
14.720051
23.651280
20.674204
14.720051
26.628357
23.651280
2.811745
-0.165332
17.697127
-0.165332
-21.004867
-0.165332
17.697127
5.788821
14.720051
35.559586
23.651280
11.742974
23.651280
29.605433
38.536663
35.559586
20.674204
20.674204
23.651280
17.697127
5.788821
8.765898
23.651280
14.720051
-0.165332
2.811745
14.720051
17.697127
11.742974
