222.706268 31.0 
186.282715 27.0 
265.222260 27.0 
143.782257 30.0 
222.187454 24.0 
213.777542 28.0 
195.874634 33.0 
213.282028 33.0 
175.882996 37.0 
254.714935 21.0 
178.023026 40.0 
247.199066 34.0 
235.427338 31.0 
255.717636 28.0 
224.697937 27.0 
300.619812 28.0 
270.300446 23.0 
274.509735 25.0 
289.923523 21.0 
274.150970 26.0 
230.930969 32.0 
299.749298 23.0 
305.576752 17.0 
212.109711 27.0 
264.599731 23.0 
166.002151 27.0 
147.055817 42.0 
196.986832 38.0 
367.861481 24.0 
1010.574219 13.0 
4704.281738 4.0 
30878.634766 1.0 
54285.339844 2.0 
40576.207031 3.0 
175722.078125 2.0 
168024.046875 7.0 
153186.125000 5.0 
347778.000000 1.0 
193059.421875 9.0 
240471.656250 3.0 
447126.750000 2.0 
49146.726563 3.0 
429073.281250 3.0 
256406.812500 2.0 
212677.406250 3.0 
413903.437500 2.0 
137265.656250 2.0 
290959.125000 9.0 
343964.031250 2.0 
73183.882813 3.0 
531415.937500 2.0 
450635.531250 5.0 
381913.687500 4.0 
2392712.000000 2.0 
1582113.250000 3.0 
1981539.500000 2.0 
2806371.000000 3.0 
927077.750000 3.0 
3493858.500000 1.0 
2354624.750000 4.0 
1079715.500000 3.0 
3181892.500000 3.0 
2654785.500000 6.0 
1033387.187500 4.0 
3679991.250000 4.0 
2528071.750000 5.0 
1228074.375000 5.0 
3047656.250000 4.0 
589115.812500 7.0 
3339057.500000 4.0 
2271693.250000 5.0 
652780.625000 4.0 
2920181.750000 4.0 
2167870.000000 6.0 
589648.000000 5.0 
2678659.250000 3.0 
1775038.250000 7.0 
728922.000000 5.0 
1938573.625000 4.0 
245017.843750 5.0 
1710775.250000 3.0 
1054093.875000 4.0 
314701.562500 5.0 
1320484.125000 2.0 
815223.687500 4.0 
453765.312500 4.0 
1046616.375000 3.0 
189075.234375 6.0 
995605.625000 4.0 
706305.687500 6.0 
211679.203125 4.0 
639071.500000 2.0 
225305.656250 5.0 
305824.062500 4.0 
343545.125000 3.0 
114909.406250 3.0 
328782.468750 1.0 
164327.656250 6.0 
99618.539063 1.0 
140192.078125 1.0 
44315.984375 3.0 
50659.855469 4.0 
54231.753906 1.0 
45059.101563 1.0 
30398.699219 8.0 
15875.034180 3.0 
13057.762695 3.0 
11968.440430 1.0 
4721.945313 7.0 
3406.774414 10.0 
3842.139893 4.0 
1188.436401 12.0 
1166.911011 10.0 
576.583191 17.0 
548.866638 21.0 
605.599060 24.0 
559.885376 19.0 
304.174622 29.0 
477.233917 20.0 
270.242157 31.0 
330.466370 17.0 
504.256104 27.0 
374.221375 25.0 
306.776337 29.0 
415.857788 15.0 
233.295074 26.0 
447.546356 25.0 
314.290436 34.0 
320.200317 36.0 
236.591980 32.0 
263.047180 32.0 
376.469147 13.0 
242.410934 23.0 
518.091553 17.0 
301.632202 22.0 
297.681885 26.0 
311.584900 24.0 
270.188873 28.0 
244.278397 32.0 
