101.144066 23.0 
91.788818 28.0 
123.793945 24.0 
119.264099 31.0 
131.298004 30.0 
139.884964 21.0 
139.826508 26.0 
125.034706 23.0 
98.150398 33.0 
136.989960 25.0 
111.326653 30.0 
122.691269 24.0 
120.563797 25.0 
86.983063 24.0 
200.468658 31.0 
143.588196 27.0 
140.712158 20.0 
140.535202 29.0 
127.930313 19.0 
160.722809 25.0 
560.988098 10.0 
638.289673 7.0 
16761.541016 3.0 
62229.851563 1.0 
12666.905273 3.0 
99154.257813 5.0 
96988.789063 2.0 
77045.835938 3.0 
191619.500000 4.0 
97568.781250 4.0 
152266.218750 3.0 
229934.375000 6.0 
51130.570313 4.0 
318223.687500 3.0 
164321.484375 7.0 
201744.921875 3.0 
380565.312500 3.0 
55544.691406 5.0 
377197.906250 3.0 
296087.875000 4.0 
103221.367188 4.0 
486458.312500 3.0 
1182552.125000 7.0 
468774.437500 4.0 
3055171.750000 3.0 
2874524.500000 6.0 
1068776.750000 3.0 
3736733.750000 4.0 
1506755.375000 5.0 
2571560.250000 2.0 
2799472.750000 5.0 
834671.250000 4.0 
3443458.250000 4.0 
2521847.000000 6.0 
852980.937500 5.0 
3187826.250000 4.0 
2365508.500000 7.0 
800574.562500 4.0 
2780381.750000 4.0 
810897.687500 7.0 
2073674.750000 4.0 
2053845.875000 5.0 
500025.375000 6.0 
2357530.500000 6.0 
1645655.000000 6.0 
461859.875000 7.0 
1836647.625000 5.0 
1234886.500000 7.0 
521601.000000 4.0 
1302959.875000 7.0 
170171.593750 6.0 
1272303.250000 4.0 
801696.062500 6.0 
264078.312500 4.0 
901237.375000 4.0 
252865.218750 7.0 
498875.812500 4.0 
524997.437500 5.0 
158716.593750 5.0 
600239.937500 5.0 
339017.562500 3.0 
176813.015625 4.0 
379220.250000 3.0 
45791.820313 5.0 
314748.312500 5.0 
172703.796875 4.0 
100683.648438 1.0 
152856.984375 1.0 
79381.062500 1.0 
59558.046875 2.0 
86745.992188 1.0 
40953.128906 1.0 
42594.160156 2.0 
37649.121094 1.0 
28694.779297 3.0 
26994.824219 2.0 
10330.122070 3.0 
7801.388672 1.0 
2997.978760 3.0 
1394.387817 7.0 
1915.209717 7.0 
1225.832642 2.0 
409.751831 11.0 
438.716766 19.0 
604.344238 13.0 
269.225494 11.0 
111.504021 29.0 
154.775253 29.0 
306.674286 25.0 
176.380920 19.0 
102.916702 36.0 
184.416870 27.0 
231.863266 25.0 
151.623917 24.0 
114.064171 30.0 
118.949104 26.0 
114.655067 30.0 
159.679199 24.0 
193.297211 30.0 
63.978745 38.0 
152.529587 23.0 
135.138412 30.0 
106.383453 34.0 
143.036331 36.0 
73.235764 46.0 
109.553848 28.0 
101.282227 30.0 
170.393494 21.0 
167.892395 19.0 
183.156067 21.0 
160.250290 23.0 
163.165573 17.0 
145.262054 20.0 
124.581635 31.0 
