62.924980 39.0 
99.582558 37.0 
83.480576 35.0 
133.939804 28.0 
114.863373 28.0 
127.943024 26.0 
105.991173 26.0 
88.673790 36.0 
171.331909 25.0 
163.435394 32.0 
154.889664 32.0 
103.323036 27.0 
94.565125 28.0 
125.946594 27.0 
120.403152 30.0 
74.025833 38.0 
97.426659 29.0 
64.603737 28.0 
94.316513 24.0 
117.527725 28.0 
101.838837 32.0 
122.552673 21.0 
141.892914 20.0 
233.831238 23.0 
2911.426514 9.0 
17550.431641 2.0 
62058.171875 1.0 
37579.351563 9.0 
88345.500000 3.0 
155280.046875 4.0 
18910.662109 7.0 
266446.875000 2.0 
149439.375000 5.0 
111987.289063 4.0 
329027.656250 3.0 
166486.937500 4.0 
194808.156250 3.0 
367750.125000 4.0 
36675.656250 5.0 
371769.906250 3.0 
332832.843750 4.0 
179225.984375 4.0 
1785868.625000 4.0 
2397340.750000 2.0 
791561.125000 4.0 
3629498.000000 2.0 
2771530.500000 6.0 
925091.937500 6.0 
3534382.500000 4.0 
2323010.500000 5.0 
961194.562500 5.0 
2520703.250000 4.0 
426513.750000 5.0 
2778304.250000 3.0 
1992764.375000 6.0 
612931.062500 5.0 
2302166.000000 5.0 
1540577.250000 6.0 
563442.625000 4.0 
1720093.500000 4.0 
240912.046875 7.0 
1745474.125000 4.0 
1361496.375000 5.0 
428398.812500 5.0 
1779203.000000 5.0 
1313716.750000 6.0 
439890.125000 3.0 
1658792.500000 3.0 
1244641.250000 7.0 
483617.843750 4.0 
1453268.500000 3.0 
270227.968750 7.0 
1339546.250000 4.0 
1010264.312500 5.0 
296185.906250 3.0 
1059570.750000 5.0 
670643.437500 6.0 
280980.093750 4.0 
765661.125000 4.0 
103348.570313 3.0 
603609.625000 3.0 
408988.031250 4.0 
169153.015625 5.0 
422671.750000 2.0 
226760.421875 6.0 
133244.312500 6.0 
245613.140625 3.0 
49992.925781 7.0 
209612.984375 1.0 
88171.562500 4.0 
64459.160156 1.0 
92103.742188 1.0 
29441.443359 1.0 
34729.382813 2.0 
21750.519531 1.0 
21319.460938 3.0 
14018.074219 1.0 
7640.498047 4.0 
7529.084961 3.0 
3811.588867 5.0 
840.387207 10.0 
634.257080 7.0 
293.604340 16.0 
233.583267 21.0 
131.854263 22.0 
247.984451 28.0 
124.000412 24.0 
204.338013 22.0 
215.101151 20.0 
143.734848 30.0 
241.919739 18.0 
153.826172 24.0 
173.171371 17.0 
91.279198 33.0 
100.162636 36.0 
113.262421 36.0 
210.631210 21.0 
143.786301 26.0 
146.739563 31.0 
113.920387 27.0 
150.960861 25.0 
117.702286 31.0 
146.303848 26.0 
174.362930 18.0 
168.125061 21.0 
