-37.511195
-37.511195
-14.568837
-23.172221
-31.775605
-26.040016
-31.775605
-26.040016
-31.775605
-34.643400
-17.436632
-28.907811
-40.378989
-37.511195
-40.378989
-26.040016
-31.775605
-40.378989
-31.775605
-26.040016
-17.436632
-31.775605
-31.775605
-5.965453
-23.172221
-34.643400
-11.701043
-14.568837
-20.304427
-8.833248
-14.568837
-14.568837
-3.097659
-0.229864
2.637931
-3.097659
5.505725
31.315877
22.712493
2.637931
2.637931
11.241315
16.976904
16.976904
16.976904
14.109109
11.241315
22.712493
11.241315
-3.097659
-3.097659
-3.097659
11.241315
5.505725
-0.229864
16.976904
8.373520
11.241315
28.448083
19.844699
16.976904
25.580288
22.712493
14.109109
28.448083
16.976904
16.976904
22.712493
11.241315
22.712493
28.448083
11.241315
16.976904
16.976904
8.373520
19.844699
28.448083
8.373520
-0.229864
14.109109
22.712493
25.580288
31.315877
37.051467
47.088748
64.295516
64.295516
70.031105
81.502284
87.237873
92.973463
98.709052
110.180231
133.122588
141.725972
141.725972
164.668329
153.197151
141.725972
164.668329
187.610687
176.139508
153.197151
153.197151
153.197151
153.197151
141.725972
127.386999
121.651409
133.122588
127.386999
104.444641
81.502284
75.766695
64.295516
58.559927
52.824337
19.844699
-11.701043
-17.436632
-17.436632
-28.907811
-64.755244
-93.433191
-104.904369
-122.111137
-122.111137
-127.846727
-133.582316
-153.656879
-176.599236
-188.070415
-188.070415
-199.541593
-199.541593
-188.070415
-211.012772
-233.955129
-222.483951
-211.012772
-233.955129
-233.955129
-211.012772
-199.541593
-199.541593
-199.541593
-211.012772
-211.012772
-211.012772
-211.012772
-222.483951
-211.012772
-188.070415
-176.599236
-176.599236
-176.599236
-176.599236
-176.599236
-153.656879
-142.185700
-122.111137
-127.846727
-127.846727
-116.375548
-93.433191
-76.226423
-70.490833
-64.755244
-47.548476
-28.907811
-14.568837
-5.965453
-3.097659
2.637931
28.448083
39.919261
31.315877
37.051467
64.295516
75.766695
64.295516
64.295516
64.295516
75.766695
92.973463
87.237873
75.766695
75.766695
70.031105
75.766695
87.237873
81.502284
75.766695
70.031105
64.295516
70.031105
70.031105
64.295516
42.787056
31.315877
42.787056
39.919261
31.315877
25.580288
22.712493
25.580288
28.448083
14.109109
11.241315
16.976904
8.373520
8.373520
11.241315
11.241315
42.787056
47.088748
42.787056
52.824337
58.559927
64.295516
87.237873
110.180231
115.915820
110.180231
141.725972
176.139508
199.081865
222.024223
244.966580
267.908937
290.851295
290.851295
302.322473
331.000420
353.942777
353.942777
353.942777
353.942777
376.885135
376.885135
399.827492
399.827492
376.885135
376.885135
353.942777
353.942777
331.000420
313.793652
279.380116
244.966580
222.024223
199.081865
153.197151
115.915820
81.502284
42.787056
8.373520
-31.775605
-70.490833
-81.962012
-110.639959
-165.128057
-199.541593
-233.955129
-245.426308
-256.897487
-268.368665
-302.782201
-331.460148
-331.460148
-354.402505
-354.402505
-354.402505
-377.344863
-377.344863
-377.344863
-377.344863
-377.344863
-377.344863
-400.287220
-377.344863
-377.344863
-377.344863
-354.402505
-354.402505
-354.402505
-331.460148
-291.311023
-256.897487
-245.426308
-233.955129
-199.541593
-176.599236
-165.128057
-133.582316
-99.168780
-76.226423
-81.962012
-76.226423
-59.019655
-28.907811
-3.097659
-0.229864
8.373520
2.637931
-0.229864
11.241315
14.109109
25.580288
28.448083
42.787056
47.088748
34.183672
28.448083
28.448083
37.051467
42.787056
47.088748
34.183672
16.976904
28.448083
34.183672
22.712493
28.448083
22.712493
16.976904
-0.229864
-26.040016
-28.907811
-28.907811
-23.172221
-26.040016
-34.643400
-31.775605
-40.378989
-37.511195
-31.775605
-37.511195
-40.378989
-43.246784
-40.378989
-28.907811
-11.701043
-14.568837
-14.568837
2.637931
2.637931
-0.229864
-8.833248
-3.097659
-0.229864
-3.097659
16.976904
25.580288
14.109109
5.505725
-0.229864
14.109109
19.844699
31.315877
37.051467
14.109109
2.637931
8.373520
11.241315
8.373520
19.844699
34.183672
22.712493
28.448083
47.088748
52.824337
70.031105
52.824337
52.824337
70.031105
64.295516
87.237873
115.915820
121.651409
141.725972
153.197151
153.197151
176.139508
222.024223
256.437759
302.322473
331.000420
353.942777
376.885135
399.827492
445.712207
468.654564
491.596921
514.539279
537.481636
537.481636
560.423993
583.366350
583.366350
560.423993
560.423993
560.423993
514.539279
468.654564
445.712207
422.769849
376.885135
331.000420
302.322473
256.437759
199.081865
153.197151
121.651409
81.502284
22.712493
-34.643400
-81.962012
-110.639959
-142.185700
-188.070415
-222.483951
-291.311023
-354.402505
-354.402505
-400.287220
-446.171935
-469.114292
-514.999007
-537.941364
-537.941364
-560.883721
-560.883721
-583.826079
-583.826079
-560.883721
-537.941364
-560.883721
-560.883721
-537.941364
-514.999007
-492.056649
-469.114292
-446.171935
-423.229577
-400.287220
-354.402505
-331.460148
-331.460148
-291.311023
-268.368665
-245.426308
-222.483951
-199.541593
-176.599236
-153.656879
-133.582316
-116.375548
-76.226423
-53.284065
-47.548476
-28.907811
-20.304427
-3.097659
8.373520
19.844699
64.295516
87.237873
75.766695
70.031105
64.295516
75.766695
98.709052
92.973463
98.709052
98.709052
81.502284
81.502284
64.295516
42.787056
58.559927
64.295516
42.787056
42.787056
34.183672
5.505725
8.373520
-0.229864
-20.304427
-20.304427
-28.907811
-37.511195
-23.172221
-26.040016
-43.246784
-53.284065
-40.378989
-37.511195
-28.907811
-23.172221
-31.775605
-17.436632
-23.172221
-47.548476
-37.511195
-37.511195
-47.548476
-34.643400
-34.643400
-28.907811
-11.701043
-11.701043
-5.965453
-8.833248
-8.833248
14.109109
25.580288
22.712493
37.051467
37.051467
22.712493
19.844699
14.109109
25.580288
28.448083
2.637931
8.373520
2.637931
-5.965453
19.844699
22.712493
25.580288
34.183672
34.183672
58.559927
81.502284
92.973463
110.180231
133.122588
153.197151
210.553044
267.908937
302.322473
331.000420
376.885135
422.769849
468.654564
537.481636
583.366350
629.251065
652.193422
652.193422
675.135780
709.549316
709.549316
709.549316
709.549316
709.549316
675.135780
629.251065
606.308708
583.366350
537.481636
491.596921
445.712207
399.827492
353.942777
267.908937
210.553044
187.610687
121.651409
47.088748
-0.229864
-53.284065
-116.375548
-176.599236
-233.955129
-268.368665
-302.782201
-354.402505
-377.344863
-423.229577
-492.056649
-514.999007
-537.941364
-606.768436
-606.768436
-606.768436
-606.768436
-606.768436
-606.768436
-606.768436
-606.768436
-606.768436
-606.768436
-583.826079
-583.826079
-560.883721
-537.941364
-514.999007
-492.056649
-469.114292
-446.171935
-400.287220
-377.344863
-354.402505
-331.460148
-302.782201
-279.839844
-256.897487
-245.426308
-233.955129
-188.070415
-165.128057
-142.185700
-93.433191
-70.490833
-59.019655
-26.040016
-23.172221
-0.229864
34.183672
52.824337
70.031105
75.766695
81.502284
104.444641
110.180231
98.709052
92.973463
92.973463
104.444641
104.444641
87.237873
75.766695
64.295516
64.295516
70.031105
58.559927
37.051467
28.448083
16.976904
11.241315
28.448083
16.976904
-3.097659
-3.097659
-5.965453
-11.701043
-17.436632
-14.568837
-11.701043
-14.568837
-20.304427
-23.172221
-31.775605
-47.548476
-47.548476
-28.907811
-34.643400
-37.511195
-26.040016
-28.907811
-14.568837
-3.097659
-17.436632
-26.040016
-14.568837
-0.229864
5.505725
2.637931
25.580288
52.824337
42.787056
42.787056
58.559927
47.088748
47.088748
52.824337
34.183672
34.183672
28.448083
-3.097659
-14.568837
-28.907811
-17.436632
2.637931
-11.701043
-14.568837
-3.097659
-3.097659
14.109109
34.183672
37.051467
64.295516
115.915820
153.197151
176.139508
222.024223
290.851295
331.000420
422.769849
491.596921
514.539279
583.366350
629.251065
675.135780
709.549316
755.434030
801.318745
801.318745
847.203460
847.203460
847.203460
847.203460
801.318745
801.318745
801.318745
755.434030
709.549316
675.135780
606.308708
514.539279
468.654564
399.827492
353.942777
267.908937
187.610687
127.386999
64.295516
-23.172221
-87.697601
-122.111137
-199.541593
-268.368665
-331.460148
-400.287220
-469.114292
-537.941364
-583.826079
-583.826079
-629.710793
-710.009044
-710.009044
-710.009044
-755.893758
-755.893758
-801.778473
-801.778473
-801.778473
-801.778473
-801.778473
-801.778473
-755.893758
-755.893758
-755.893758
-710.009044
-710.009044
-652.653151
-629.710793
-583.826079
-560.883721
-514.999007
-469.114292
-446.171935
-400.287220
-354.402505
-331.460148
-279.839844
-233.955129
-188.070415
-153.656879
-122.111137
-81.962012
-31.775605
8.373520
64.295516
81.502284
75.766695
104.444641
141.725972
164.668329
164.668329
187.610687
210.553044
233.495401
244.966580
256.437759
244.966580
222.024223
233.495401
233.495401
210.553044
199.081865
199.081865
187.610687
164.668329
121.651409
121.651409
110.180231
98.709052
87.237873
58.559927
47.088748
28.448083
5.505725
5.505725
-11.701043
-40.378989
-47.548476
-59.019655
-70.490833
-64.755244
-76.226423
-87.697601
-70.490833
-64.755244
-64.755244
-64.755244
-70.490833
-53.284065
-40.378989
-40.378989
-31.775605
-20.304427
-3.097659
16.976904
28.448083
47.088748
47.088748
34.183672
47.088748
39.919261
34.183672
52.824337
52.824337
25.580288
11.241315
5.505725
2.637931
-17.436632
-20.304427
-20.304427
-34.643400
-28.907811
-40.378989
-64.755244
-53.284065
-28.907811
-11.701043
-5.965453
-5.965453
-3.097659
47.088748
115.915820
153.197151
187.610687
244.966580
313.793652
376.885135
445.712207
491.596921
537.481636
583.366350
652.193422
709.549316
755.434030
755.434030
801.318745
847.203460
847.203460
847.203460
893.088174
847.203460
847.203460
801.318745
801.318745
755.434030
709.549316
675.135780
606.308708
514.539279
445.712207
399.827492
353.942777
256.437759
164.668329
87.237873
22.712493
-43.246784
-122.111137
-199.541593
-268.368665
-331.460148
-400.287220
-446.171935
-492.056649
-537.941364
-583.826079
-606.768436
-652.653151
-652.653151
-675.595508
-710.009044
-755.893758
-755.893758
-755.893758
-755.893758
-755.893758
-755.893758
-755.893758
-755.893758
-755.893758
-710.009044
-710.009044
-675.595508
-652.653151
-606.768436
-583.826079
-560.883721
-537.941364
-492.056649
-446.171935
-400.287220
-377.344863
-331.460148
-291.311023
-233.955129
-188.070415
-165.128057
-122.111137
-87.697601
-59.019655
-23.172221
-5.965453
-0.229864
14.109109
42.787056
52.824337
75.766695
110.180231
110.180231
104.444641
115.915820
121.651409
121.651409
133.122588
127.386999
115.915820
127.386999
133.122588
141.725972
141.725972
127.386999
121.651409
121.651409
115.915820
92.973463
92.973463
104.444641
81.502284
52.824337
42.787056
31.315877
11.241315
11.241315
5.505725
-11.701043
-23.172221
-26.040016
-34.643400
-53.284065
-64.755244
-53.284065
-40.378989
-34.643400
-26.040016
-17.436632
-5.965453
-5.965453
8.373520
37.051467
34.183672
37.051467
47.088748
52.824337
58.559927
70.031105
87.237873
75.766695
75.766695
75.766695
64.295516
52.824337
39.919261
34.183672
2.637931
-3.097659
-11.701043
-47.548476
-53.284065
-64.755244
-70.490833
-76.226423
-104.904369
-104.904369
-93.433191
-93.433191
-76.226423
-70.490833
-70.490833
-28.907811
25.580288
52.824337
87.237873
153.197151
210.553044
279.380116
353.942777
445.712207
514.539279
583.366350
652.193422
709.549316
755.434030
847.203460
893.088174
938.972889
984.857604
984.857604
984.857604
1030.742318
1030.742318
1030.742318
984.857604
938.972889
893.088174
847.203460
755.434030
709.549316
606.308708
514.539279
445.712207
353.942777
244.966580
164.668329
87.237873
-8.833248
-122.111137
-199.541593
-233.955129
-314.253380
-400.287220
-492.056649
-537.941364
-560.883721
-606.768436
-675.595508
-710.009044
-710.009044
-755.893758
-801.778473
-801.778473
-847.663188
-847.663188
-847.663188
-847.663188
-847.663188
-847.663188
-847.663188
-847.663188
-801.778473
-801.778473
-755.893758
-710.009044
-675.595508
-675.595508
-629.710793
-606.768436
-560.883721
-492.056649
-446.171935
-423.229577
-377.344863
-354.402505
-291.311023
-245.426308
-211.012772
-165.128057
-127.846727
-87.697601
-70.490833
-37.511195
11.241315
47.088748
70.031105
87.237873
104.444641
133.122588
187.610687
199.081865
187.610687
210.553044
222.024223
199.081865
210.553044
222.024223
210.553044
199.081865
199.081865
187.610687
164.668329
153.197151
164.668329
153.197151
127.386999
98.709052
75.766695
64.295516
52.824337
39.919261
22.712493
-0.229864
-5.965453
-14.568837
-47.548476
-59.019655
-76.226423
-87.697601
-70.490833
-93.433191
-99.168780
-87.697601
-87.697601
-76.226423
-76.226423
-70.490833
-59.019655
-53.284065
-37.511195
-8.833248
5.505725
5.505725
5.505725
22.712493
42.787056
58.559927
75.766695
92.973463
98.709052
92.973463
81.502284
98.709052
104.444641
87.237873
87.237873
75.766695
47.088748
22.712493
14.109109
2.637931
2.637931
-0.229864
-47.548476
-81.962012
-76.226423
-81.962012
-93.433191
-76.226423
-53.284065
-31.775605
-0.229864
58.559927
115.915820
141.725972
187.610687
256.437759
353.942777
399.827492
491.596921
560.423993
629.251065
709.549316
755.434030
847.203460
893.088174
893.088174
938.972889
938.972889
984.857604
984.857604
984.857604
1030.742318
984.857604
938.972889
893.088174
847.203460
801.318745
755.434030
675.135780
583.366350
491.596921
399.827492
353.942777
279.380116
187.610687
81.502284
-20.304427
-104.904369
-176.599236
-245.426308
-331.460148
-400.287220
-469.114292
-537.941364
-606.768436
-652.653151
-710.009044
-755.893758
-801.778473
-847.663188
-847.663188
-893.547902
-893.547902
-893.547902
-893.547902
-893.547902
-893.547902
-847.663188
-847.663188
-847.663188
-847.663188
-801.778473
-755.893758
-710.009044
-675.595508
-652.653151
-629.710793
-606.768436
-560.883721
-514.999007
-469.114292
-446.171935
-423.229577
-400.287220
-354.402505
-302.782201
-233.955129
-199.541593
-165.128057
-127.846727
-93.433191
-34.643400
16.976904
47.088748
70.031105
110.180231
141.725972
164.668329
199.081865
233.495401
279.380116
302.322473
279.380116
267.908937
267.908937
267.908937
256.437759
256.437759
256.437759
233.495401
210.553044
199.081865
187.610687
164.668329
133.122588
127.386999
92.973463
58.559927
31.315877
16.976904
2.637931
-0.229864
-26.040016
-64.755244
-99.168780
-116.375548
-110.639959
-110.639959
-122.111137
-153.656879
-165.128057
-142.185700
-122.111137
-116.375548
-87.697601
-76.226423
-81.962012
-64.755244
-64.755244
-59.019655
-20.304427
-0.229864
16.976904
52.824337
58.559927
58.559927
70.031105
87.237873
104.444641
92.973463
104.444641
104.444641
87.237873
81.502284
64.295516
52.824337
52.824337
28.448083
2.637931
-11.701043
-53.284065
-87.697601
-64.755244
-59.019655
-87.697601
-93.433191
-76.226423
-76.226423
-70.490833
-31.775605
16.976904
58.559927
104.444641
153.197151
210.553044
302.322473
399.827492
468.654564
537.481636
606.308708
709.549316
755.434030
847.203460
893.088174
938.972889
984.857604
1030.742318
1076.627033
1076.627033
1122.511748
1122.511748
1076.627033
1030.742318
984.857604
938.972889
893.088174
847.203460
755.434030
675.135780
583.366350
468.654564
399.827492
313.793652
210.553044
98.709052
-17.436632
-110.639959
-188.070415
-268.368665
-354.402505
-423.229577
-514.999007
-583.826079
-629.710793
-675.595508
-710.009044
-755.893758
-847.663188
-847.663188
-847.663188
-847.663188
-847.663188
-893.547902
-939.432617
-893.547902
-939.432617
-893.547902
-847.663188
-847.663188
-847.663188
-801.778473
-801.778473
-755.893758
-710.009044
-675.595508
-675.595508
-652.653151
-629.710793
-583.826079
-537.941364
-514.999007
-469.114292
-423.229577
-377.344863
-331.460148
-279.839844
-233.955129
-176.599236
-133.582316
-87.697601
-23.172221
16.976904
58.559927
115.915820
153.197151
187.610687
210.553044
256.437759
279.380116
290.851295
302.322473
302.322473
302.322473
313.793652
331.000420
290.851295
244.966580
222.024223
199.081865
199.081865
176.139508
141.725972
110.180231
75.766695
47.088748
28.448083
2.637931
-23.172221
-34.643400
-59.019655
-76.226423
-87.697601
-93.433191
-81.962012
-93.433191
-110.639959
-104.904369
-93.433191
-87.697601
-93.433191
-87.697601
-87.697601
-81.962012
-64.755244
-43.246784
-47.548476
-31.775605
-8.833248
-0.229864
25.580288
37.051467
39.919261
47.088748
47.088748
58.559927
87.237873
75.766695
70.031105
81.502284
87.237873
87.237873
98.709052
104.444641
92.973463
70.031105
42.787056
25.580288
19.844699
8.373520
-17.436632
-37.511195
-47.548476
-59.019655
-76.226423
-81.962012
-64.755244
-70.490833
-99.168780
-70.490833
-26.040016
-20.304427
14.109109
75.766695
141.725972
210.553044
290.851295
376.885135
445.712207
514.539279
606.308708
675.135780
755.434030
847.203460
938.972889
984.857604
1030.742318
1076.627033
1122.511748
1122.511748
1168.396462
1168.396462
1122.511748
1076.627033
1030.742318
984.857604
893.088174
847.203460
755.434030
629.251065
560.423993
468.654564
376.885135
267.908937
141.725972
52.824337
-34.643400
-116.375548
-188.070415
-279.839844
-377.344863
-469.114292
-514.999007
-560.883721
-606.768436
-652.653151
-710.009044
-755.893758
-755.893758
-801.778473
-847.663188
-847.663188
-893.547902
-893.547902
-939.432617
-893.547902
-893.547902
-893.547902
-893.547902
-847.663188
-847.663188
-801.778473
-755.893758
-710.009044
-710.009044
-675.595508
-629.710793
-583.826079
-560.883721
-514.999007
-469.114292
-423.229577
-377.344863
-354.402505
-354.402505
-314.253380
-256.897487
-233.955129
-199.541593
-127.846727
-93.433191
-81.962012
-43.246784
-0.229864
37.051467
64.295516
110.180231
141.725972
153.197151
176.139508
199.081865
222.024223
233.495401
222.024223
222.024223
233.495401
222.024223
210.553044
187.610687
164.668329
164.668329
133.122588
98.709052
92.973463
75.766695
52.824337
22.712493
11.241315
8.373520
-31.775605
-59.019655
-43.246784
-53.284065
-76.226423
-70.490833
-99.168780
-122.111137
-110.639959
-116.375548
-110.639959
-87.697601
-104.904369
-127.846727
-93.433191
-70.490833
-76.226423
-76.226423
-70.490833
-76.226423
-53.284065
-26.040016
-11.701043
-5.965453
-8.833248
14.109109
37.051467
37.051467
47.088748
70.031105
70.031105
64.295516
58.559927
52.824337
42.787056
22.712493
-0.229864
-8.833248
-0.229864
-40.378989
-81.962012
-93.433191
-110.639959
-127.846727
-142.185700
-142.185700
-153.656879
-142.185700
-127.846727
-110.639959
-59.019655
11.241315
58.559927
141.725972
244.966580
353.942777
491.596921
629.251065
709.549316
801.318745
893.088174
984.857604
1076.627033
1168.396462
1214.281177
1260.165892
1306.050606
1306.050606
1351.935321
1351.935321
1351.935321
1306.050606
1168.396462
1122.511748
1030.742318
938.972889
847.203460
709.549316
583.366350
491.596921
399.827492
302.322473
210.553044
110.180231
-11.701043
-110.639959
-199.541593
-279.839844
-354.402505
-446.171935
-514.999007
-560.883721
-606.768436
-606.768436
-652.653151
-675.595508
-710.009044
-710.009044
-755.893758
-801.778473
-847.663188
-847.663188
-847.663188
-893.547902
-893.547902
-847.663188
-847.663188
-847.663188
-801.778473
-755.893758
-755.893758
-755.893758
-755.893758
-755.893758
-755.893758
-710.009044
-629.710793
-583.826079
-537.941364
-469.114292
-446.171935
-400.287220
-331.460148
-302.782201
-291.311023
-245.426308
-211.012772
-188.070415
-122.111137
-53.284065
-11.701043
25.580288
39.919261
52.824337
104.444641
153.197151
176.139508
187.610687
210.553044
222.024223
233.495401
267.908937
244.966580
210.553044
199.081865
199.081865
199.081865
153.197151
121.651409
81.502284
34.183672
-0.229864
-40.378989
-70.490833
-110.639959
-165.128057
-188.070415
-165.128057
-176.599236
-211.012772
-222.483951
-279.839844
-314.253380
-302.782201
-331.460148
-331.460148
-354.402505
-354.402505
-302.782201
-256.897487
-245.426308
-233.955129
-222.483951
-188.070415
-176.599236
-153.656879
-142.185700
-110.639959
-99.168780
-76.226423
-59.019655
-43.246784
-5.965453
16.976904
22.712493
22.712493
22.712493
-8.833248
-64.755244
-104.904369
-199.541593
-331.460148
-423.229577
-492.056649
-560.883721
-675.595508
-755.893758
-755.893758
-801.778473
-755.893758
-755.893758
-710.009044
-675.595508
-652.653151
-629.710793
-492.056649
-331.460148
-133.582316
115.915820
422.769849
801.318745
1260.165892
1650.185966
2017.263683
2292.571971
2567.880259
2659.649689
2843.188547
2980.842691
2980.842691
2980.842691
2980.842691
2980.842691
2980.842691
2980.842691
2843.188547
2567.880259
2384.341401
2109.033113
1741.955396
1397.820036
1030.742318
675.135780
353.942777
75.766695
-127.846727
-291.311023
-423.229577
-514.999007
-606.768436
-675.595508
-755.893758
-847.663188
-893.547902
-939.432617
-939.432617
-939.432617
-847.663188
-755.893758
-629.710793
-514.999007
-423.229577
-377.344863
-354.402505
-354.402505
-400.287220
-492.056649
-560.883721
-652.653151
-755.893758
-893.547902
-939.432617
-1031.202046
-1122.971476
-1168.856190
-1260.625620
-1352.395049
-1467.106836
-1558.876265
-1558.876265
-1650.645694
-1650.645694
-1650.645694
-1650.645694
-1467.106836
-1398.279764
-1260.625620
-1077.086761
-893.547902
-755.893758
-606.768436
-446.171935
-331.460148
-199.541593
-76.226423
16.976904
121.651409
210.553044
267.908937
353.942777
376.885135
376.885135
376.885135
331.000420
313.793652
244.966580
164.668329
81.502284
-34.643400
-110.639959
-165.128057
-222.483951
-279.839844
-331.460148
-377.344863
-377.344863
-377.344863
-400.287220
-423.229577
-423.229577
-423.229577
-400.287220
-354.402505
-302.782201
-245.426308
-188.070415
-142.185700
-93.433191
-53.284065
-17.436632
-53.284065
-87.697601
-87.697601
-127.846727
-176.599236
-211.012772
-245.426308
-256.897487
-256.897487
-279.839844
-291.311023
-302.782201
-302.782201
-331.460148
-354.402505
-400.287220
-400.287220
-400.287220
-377.344863
-331.460148
-291.311023
-233.955129
-199.541593
-199.541593
-211.012772
-245.426308
-314.253380
-423.229577
-537.941364
-652.653151
-755.893758
-801.778473
-801.778473
-801.778473
-755.893758
-710.009044
-606.768436
-514.999007
-423.229577
-291.311023
-116.375548
58.559927
279.380116
560.423993
893.088174
1397.820036
2017.263683
2476.110830
2980.842691
3347.920408
3714.998126
4082.075843
4265.614702
4265.614702
4082.075843
4082.075843
3898.536984
3714.998126
3531.459267
3347.920408
3164.381550
2980.842691
2659.649689
2384.341401
2017.263683
1650.185966
1214.281177
801.318745
353.942777
-0.229864
-245.426308
-469.114292
-652.653151
-710.009044
-710.009044
-629.710793
-583.826079
-537.941364
-469.114292
-423.229577
-400.287220
-446.171935
-469.114292
-492.056649
-469.114292
-469.114292
-469.114292
-446.171935
-400.287220
-400.287220
-469.114292
-560.883721
-710.009044
-893.547902
-1122.971476
-1352.395049
-1558.876265
-1834.184553
-2017.723411
-2109.492841
-2201.262270
-2201.262270
-2201.262270
-2201.262270
-2201.262270
-2109.492841
-1925.953982
-1834.184553
-1834.184553
-1742.415124
-1558.876265
-1467.106836
-1260.625620
-1077.086761
-893.547902
-652.653151
-469.114292
-279.839844
-116.375548
-40.378989
31.315877
58.559927
34.183672
2.637931
-59.019655
-122.111137
-211.012772
-291.311023
-331.460148
-377.344863
-423.229577
-469.114292
-514.999007
-583.826079
-606.768436
-606.768436
-652.653151
-710.009044
-710.009044
-710.009044
-652.653151
-629.710793
-583.826079
-514.999007
-423.229577
-314.253380
-222.483951
-176.599236
-127.846727
-93.433191
-76.226423
-70.490833
-81.962012
-81.962012
-64.755244
-87.697601
-110.639959
-133.582316
-153.656879
-142.185700
-176.599236
-222.483951
-268.368665
-302.782201
-331.460148
-354.402505
-377.344863
-400.287220
-377.344863
-314.253380
-268.368665
-188.070415
-99.168780
-28.907811
28.448083
92.973463
141.725972
164.668329
115.915820
34.183672
-47.548476
-165.128057
-279.839844
-400.287220
-537.941364
-629.710793
-629.710793
-652.653151
-652.653151
-629.710793
-583.826079
-537.941364
-446.171935
-314.253380
-153.656879
58.559927
331.000420
652.193422
1076.627033
1650.185966
2200.802542
2843.188547
3347.920408
3898.536984
4265.614702
4632.692419
4816.231277
4816.231277
4816.231277
4632.692419
4449.153560
4082.075843
3714.998126
3347.920408
3164.381550
2751.419118
2476.110830
2200.802542
1925.494254
1558.416537
1214.281177
801.318745
422.769849
92.973463
-233.955129
-537.941364
-801.778473
-939.432617
-939.432617
-893.547902
-847.663188
-710.009044
-560.883721
-423.229577
-279.839844
-176.599236
-110.639959
-104.904369
-165.128057
-245.426308
-314.253380
-377.344863
-469.114292
-560.883721
-675.595508
-755.893758
-847.663188
-939.432617
-1122.971476
-1306.510334
-1467.106836
-1650.645694
-1925.953982
-2109.492841
-2293.031699
-2384.801129
-2476.570558
-2568.339987
-2476.570558
-2384.801129
-2293.031699
-2201.262270
-2017.723411
-1834.184553
-1650.645694
-1398.279764
-1168.856190
-939.432617
-755.893758
-583.826079
-423.229577
-302.782201
-233.955129
-165.128057
-122.111137
-99.168780
-110.639959
-153.656879
-176.599236
-222.483951
-302.782201
-377.344863
-446.171935
-492.056649
-537.941364
-652.653151
-710.009044
-755.893758
-801.778473
-801.778473
-801.778473
-801.778473
-755.893758
-652.653151
-583.826079
-514.999007
-446.171935
-400.287220
-331.460148
-256.897487
-199.541593
-142.185700
-104.904369
-81.962012
-40.378989
-11.701043
19.844699
52.824337
52.824337
47.088748
25.580288
-11.701043
-64.755244
-116.375548
-153.656879
-222.483951
-314.253380
-377.344863
-377.344863
-400.287220
-423.229577
-400.287220
-354.402505
-268.368665
-188.070415
-122.111137
-26.040016
37.051467
70.031105
127.386999
153.197151
141.725972
127.386999
110.180231
52.824337
-28.907811
-110.639959
-199.541593
-314.253380
-400.287220
-492.056649
-537.941364
-606.768436
-652.653151
-710.009044
-710.009044
-652.653151
-583.826079
-469.114292
-256.897487
16.976904
376.885135
755.434030
1260.165892
1833.724825
2476.110830
2980.842691
3531.459267
4082.075843
4449.153560
4816.231277
4816.231277
4816.231277
4816.231277
4632.692419
4265.614702
3898.536984
3531.459267
3164.381550
2751.419118
2384.341401
2017.263683
1650.185966
1397.820036
1122.511748
847.203460
537.481636
267.908937
11.241315
-268.368665
-560.883721
-801.778473
-893.547902
-939.432617
-985.317332
-985.317332
-893.547902
-710.009044
-514.999007
-354.402505
-211.012772
-76.226423
14.109109
47.088748
16.976904
-59.019655
-176.599236
-314.253380
-492.056649
-710.009044
-893.547902
-1077.086761
-1260.625620
-1467.106836
-1650.645694
-1742.415124
-1834.184553
-2017.723411
-2109.492841
-2201.262270
-2293.031699
-2293.031699
-2384.801129
-2384.801129
-2293.031699
-2201.262270
-2109.492841
-2017.723411
-1834.184553
-1558.876265
-1306.510334
-1031.202046
-755.893758
-492.056649
-268.368665
-93.433191
37.051467
110.180231
153.197151
164.668329
104.444641
28.448083
-20.304427
-110.639959
-222.483951
-314.253380
-400.287220
-492.056649
-537.941364
-606.768436
-652.653151
-675.595508
-675.595508
-675.595508
-710.009044
-675.595508
-652.653151
-629.710793
-560.883721
-514.999007
-469.114292
-400.287220
-377.344863
-314.253380
-245.426308
-176.599236
-104.904369
-76.226423
-59.019655
-3.097659
31.315877
25.580288
16.976904
-14.568837
-26.040016
-53.284065
-142.185700
-222.483951
-279.839844
-314.253380
-354.402505
-423.229577
-469.114292
-446.171935
-446.171935
-446.171935
-423.229577
-377.344863
-331.460148
-233.955129
-176.599236
-122.111137
-26.040016
42.787056
75.766695
87.237873
92.973463
121.651409
115.915820
64.295516
-11.701043
-76.226423
-127.846727
-199.541593
-331.460148
-446.171935
-514.999007
-560.883721
-629.710793
-675.595508
-675.595508
-652.653151
-606.768436
-514.999007
-377.344863
-142.185700
153.197151
514.539279
938.972889
1466.647108
2017.263683
2659.649689
3347.920408
3714.998126
4265.614702
4632.692419
4999.770136
4999.770136
4999.770136
4816.231277
4632.692419
4265.614702
3714.998126
3347.920408
2843.188547
2476.110830
2017.263683
1650.185966
1306.050606
1076.627033
847.203460
606.308708
376.885135
187.610687
14.109109
-188.070415
-377.344863
-537.941364
-675.595508
-801.778473
-847.663188
-893.547902
-847.663188
-801.778473
-675.595508
-583.826079
-469.114292
-331.460148
-199.541593
-142.185700
-122.111137
-110.639959
-165.128057
-256.897487
-400.287220
-606.768436
-801.778473
-1031.202046
-1306.510334
-1558.876265
-1742.415124
-1925.953982
-2109.492841
-2293.031699
-2384.801129
-2384.801129
-2384.801129
-2384.801129
-2293.031699
-2201.262270
-2109.492841
-1925.953982
-1834.184553
-1650.645694
-1467.106836
-1306.510334
-1122.971476
-939.432617
-755.893758
-560.883721
-400.287220
-222.483951
-110.639959
-37.511195
28.448083
98.709052
98.709052
42.787056
-5.965453
-81.962012
-153.656879
-233.955129
-354.402505
-469.114292
-560.883721
-629.710793
-710.009044
-755.893758
-755.893758
-755.893758
-755.893758
-710.009044
-629.710793
-560.883721
-492.056649
-400.287220
-302.782201
-245.426308
-211.012772
-133.582316
-93.433191
-64.755244
-28.907811
-40.378989
-59.019655
-34.643400
-47.548476
-76.226423
-87.697601
-104.904369
-104.904369
-127.846727
-142.185700
-142.185700
-188.070415
-222.483951
-256.897487
-291.311023
-331.460148
-354.402505
-354.402505
-354.402505
-354.402505
-331.460148
-268.368665
-188.070415
-116.375548
-53.284065
19.844699
121.651409
210.553044
267.908937
302.322473
331.000420
331.000420
331.000420
267.908937
164.668329
64.295516
-31.775605
-133.582316
-233.955129
-331.460148
-377.344863
-469.114292
-514.999007
-537.941364
-537.941364
-537.941364
-514.999007
-400.287220
-268.368665
-81.962012
187.610687
514.539279
893.088174
1351.935321
1925.494254
2384.341401
2980.842691
3531.459267
3898.536984
4265.614702
4632.692419
4632.692419
4632.692419
4632.692419
4449.153560
4082.075843
3714.998126
3347.920408
2843.188547
2384.341401
1833.724825
1397.820036
1030.742318
709.549316
445.712207
199.081865
8.373520
-153.656879
-279.839844
-400.287220
-514.999007
-560.883721
-606.768436
-675.595508
-755.893758
-801.778473
-801.778473
-755.893758
-710.009044
-652.653151
-560.883721
-492.056649
-400.287220
-302.782201
-222.483951
-176.599236
-142.185700
-176.599236
-233.955129
-354.402505
-560.883721
-801.778473
-1077.086761
-1352.395049
-1650.645694
-1834.184553
-2109.492841
-2293.031699
-2384.801129
-2476.570558
-2476.570558
-2384.801129
-2293.031699
-2201.262270
-2017.723411
-1834.184553
-1650.645694
-1467.106836
-1306.510334
-1168.856190
-985.317332
-847.663188
-675.595508
-560.883721
-469.114292
-354.402505
-268.368665
-199.541593
-133.582316
-53.284065
-3.097659
19.844699
19.844699
-8.833248
-64.755244
-142.185700
-222.483951
-302.782201
-377.344863
-492.056649
-583.826079
-652.653151
-755.893758
-755.893758
-801.778473
-801.778473
-710.009044
-606.768436
-514.999007
-446.171935
-354.402505
-245.426308
-165.128057
-93.433191
-23.172221
22.712493
31.315877
37.051467
25.580288
16.976904
39.919261
42.787056
14.109109
-0.229864
-26.040016
-59.019655
-76.226423
-110.639959
-142.185700
-153.656879
-176.599236
-176.599236
-188.070415
-199.541593
-176.599236
-165.128057
-142.185700
-110.639959
-93.433191
-37.511195
14.109109
47.088748
92.973463
127.386999
153.197151
199.081865
256.437759
302.322473
302.322473
290.851295
279.380116
233.495401
187.610687
133.122588
39.919261
-59.019655
-153.656879
-268.368665
-400.287220
-514.999007
-583.826079
-629.710793
-675.595508
-629.710793
-583.826079
-492.056649
-331.460148
-87.697601
199.081865
537.481636
938.972889
1466.647108
1925.494254
2476.110830
2980.842691
3347.920408
3714.998126
4082.075843
4265.614702
4449.153560
4449.153560
4449.153560
4265.614702
3898.536984
3347.920408
2980.842691
2567.880259
2109.033113
1650.185966
1214.281177
801.318745
491.596921
176.139508
-81.962012
-245.426308
-377.344863
-469.114292
-560.883721
-606.768436
-606.768436
-606.768436
-629.710793
-629.710793
-652.653151
-606.768436
-583.826079
-606.768436
-606.768436
-583.826079
-583.826079
-537.941364
-492.056649
-446.171935
-400.287220
-377.344863
-400.287220
-423.229577
-514.999007
-606.768436
-755.893758
-939.432617
-1122.971476
-1352.395049
-1558.876265
-1834.184553
-2017.723411
-2201.262270
-2293.031699
-2384.801129
-2384.801129
-2384.801129
-2293.031699
-2109.492841
-2017.723411
-1742.415124
-1467.106836
-1214.740905
-985.317332
-755.893758
-583.826079
-400.287220
-268.368665
-165.128057
-99.168780
-43.246784
-23.172221
-28.907811
-26.040016
-53.284065
-104.904369
-142.185700
-176.599236
-211.012772
-245.426308
-256.897487
-302.782201
-354.402505
-400.287220
-469.114292
-492.056649
-537.941364
-583.826079
-606.768436
-606.768436
-606.768436
-583.826079
-560.883721
-514.999007
-446.171935
-354.402505
-256.897487
-165.128057
-64.755244
-5.965453
37.051467
98.709052
115.915820
115.915820
133.122588
115.915820
81.502284
42.787056
-8.833248
-47.548476
-76.226423
-104.904369
-133.582316
-188.070415
-233.955129
-222.483951
-222.483951
-233.955129
-233.955129
-199.541593
-165.128057
-110.639959
-81.962012
-53.284065
8.373520
64.295516
127.386999
187.610687
222.024223
279.380116
313.793652
331.000420
331.000420
331.000420
331.000420
313.793652
256.437759
176.139508
98.709052
22.712493
-87.697601
-233.955129
-354.402505
-446.171935
-514.999007
-583.826079
-606.768436
-606.768436
-560.883721
-514.999007
-400.287220
-211.012772
39.919261
353.942777
675.135780
1076.627033
1558.416537
2017.263683
2567.880259
2980.842691
3347.920408
3898.536984
4082.075843
4265.614702
4449.153560
4449.153560
4265.614702
4082.075843
3714.998126
3347.920408
2843.188547
2384.341401
1833.724825
1306.050606
847.203460
468.654564
115.915820
-211.012772
-446.171935
-606.768436
-710.009044
-755.893758
-755.893758
-710.009044
-606.768436
-537.941364
-514.999007
-446.171935
-377.344863
-377.344863
-400.287220
-423.229577
-446.171935
-492.056649
-514.999007
-514.999007
-514.999007
-514.999007
-492.056649
-492.056649
-514.999007
-492.056649
-514.999007
-606.768436
-755.893758
-893.547902
-1077.086761
-1260.625620
-1467.106836
-1742.415124
-1925.953982
-2109.492841
-2201.262270
-2384.801129
-2384.801129
-2384.801129
-2293.031699
-2201.262270
-2017.723411
-1834.184553
-1558.876265
-1306.510334
-1077.086761
-847.663188
-583.826079
-354.402505
-188.070415
-53.284065
16.976904
87.237873
121.651409
104.444641
92.973463
34.183672
-53.284065
-104.904369
-165.128057
-245.426308
-302.782201
-354.402505
-423.229577
-469.114292
-492.056649
-537.941364
-537.941364
-514.999007
-514.999007
-492.056649
-446.171935
-400.287220
-354.402505
-302.782201
-256.897487
-245.426308
-233.955129
-188.070415
-165.128057
-142.185700
-104.904369
-59.019655
-26.040016
2.637931
52.824337
110.180231
141.725972
141.725972
153.197151
141.725972
104.444641
75.766695
52.824337
11.241315
-43.246784
-81.962012
-116.375548
-153.656879
-188.070415
-199.541593
-188.070415
-176.599236
-153.656879
-122.111137
-70.490833
16.976904
92.973463
141.725972
222.024223
313.793652
376.885135
399.827492
399.827492
399.827492
399.827492
353.942777
267.908937
176.139508
98.709052
16.976904
-104.904369
-245.426308
-331.460148
-423.229577
-514.999007
-583.826079
-629.710793
-652.653151
-675.595508
-652.653151
-537.941364
-446.171935
-268.368665
-14.568837
244.966580
583.366350
1030.742318
1466.647108
2017.263683
2476.110830
2980.842691
3347.920408
3714.998126
3898.536984
4082.075843
4265.614702
4265.614702
4082.075843
3898.536984
3531.459267
3164.381550
2751.419118
2200.802542
1741.955396
1214.281177
755.434030
331.000420
-70.490833
-400.287220
-629.710793
-801.778473
-847.663188
-893.547902
-893.547902
-801.778473
-710.009044
-629.710793
-537.941364
-492.056649
-423.229577
-354.402505
-331.460148
-314.253380
-302.782201
-302.782201
-314.253380
-314.253380
-354.402505
-400.287220
-446.171935
-469.114292
-492.056649
-583.826079
-652.653151
-710.009044
-847.663188
-939.432617
-1077.086761
-1260.625620
-1398.279764
-1558.876265
-1650.645694
-1834.184553
-1925.953982
-2017.723411
-2109.492841
-2109.492841
-2109.492841
-2017.723411
-1925.953982
-1742.415124
-1558.876265
-1306.510334
-1077.086761
-847.663188
-629.710793
-400.287220
-199.541593
-37.511195
87.237873
199.081865
267.908937
290.851295
267.908937
210.553044
141.725972
47.088748
-64.755244
-199.541593
-354.402505
-492.056649
-583.826079
-675.595508
-710.009044
-710.009044
-710.009044
-675.595508
-629.710793
-560.883721
-492.056649
-423.229577
-354.402505
-291.311023
-256.897487
-211.012772
-153.656879
-110.639959
-64.755244
-40.378989
-17.436632
16.976904
52.824337
58.559927
52.824337
52.824337
70.031105
75.766695
52.824337
39.919261
52.824337
52.824337
22.712493
-0.229864
-20.304427
-47.548476
-59.019655
-76.226423
-104.904369
-127.846727
-142.185700
-127.846727
-142.185700
-153.656879
-116.375548
-99.168780
-64.755244
-23.172221
5.505725
75.766695
141.725972
187.610687
256.437759
290.851295
279.380116
279.380116
267.908937
233.495401
164.668329
87.237873
39.919261
-53.284065
-165.128057
-222.483951
-314.253380
-423.229577
-469.114292
-514.999007
-514.999007
-492.056649
-400.287220
-256.897487
-70.490833
141.725972
445.712207
847.203460
1260.165892
1650.185966
2109.033113
2567.880259
2980.842691
3347.920408
3531.459267
3898.536984
3898.536984
4082.075843
3898.536984
3714.998126
3531.459267
3164.381550
2843.188547
2384.341401
1925.494254
1466.647108
984.857604
537.481636
115.915820
-233.955129
-514.999007
-755.893758
-893.547902
-939.432617
-939.432617
-893.547902
-801.778473
-710.009044
-583.826079
-469.114292
-377.344863
-268.368665
-222.483951
-199.541593
-199.541593
-211.012772
-233.955129
-291.311023
-354.402505
-423.229577
-469.114292
-537.941364
-606.768436
-652.653151
-710.009044
-801.778473
-893.547902
-985.317332
-1077.086761
-1122.971476
-1260.625620
-1352.395049
-1467.106836
-1558.876265
-1650.645694
-1742.415124
-1925.953982
-1925.953982
-2017.723411
-2017.723411
-1925.953982
-1834.184553
-1742.415124
-1558.876265
-1352.395049
-1168.856190
-893.547902
-675.595508
-469.114292
-233.955129
-64.755244
47.088748
164.668329
222.024223
244.966580
256.437759
199.081865
153.197151
75.766695
-28.907811
-122.111137
-222.483951
-331.460148
-423.229577
-469.114292
-537.941364
-560.883721
-560.883721
-560.883721
-560.883721
-514.999007
-446.171935
-400.287220
-331.460148
-256.897487
-188.070415
-127.846727
-76.226423
-31.775605
16.976904
47.088748
47.088748
64.295516
81.502284
64.295516
75.766695
87.237873
92.973463
98.709052
92.973463
98.709052
104.444641
110.180231
104.444641
87.237873
58.559927
31.315877
14.109109
-0.229864
-17.436632
-40.378989
-59.019655
-59.019655
-59.019655
-64.755244
-53.284065
-28.907811
-8.833248
34.183672
81.502284
110.180231
176.139508
222.024223
244.966580
267.908937
267.908937
256.437759
267.908937
210.553044
141.725972
92.973463
31.315877
-47.548476
-153.656879
-256.897487
-331.460148
-400.287220
-469.114292
-537.941364
-583.826079
-560.883721
-514.999007
-423.229577
-245.426308
-37.511195
222.024223
583.366350
984.857604
1397.820036
1833.724825
2292.571971
2659.649689
2980.842691
3347.920408
3531.459267
3714.998126
3714.998126
3714.998126
3531.459267
3347.920408
3164.381550
2751.419118
2384.341401
2017.263683
1558.416537
1122.511748
709.549316
313.793652
-17.436632
-331.460148
-560.883721
-710.009044
-801.778473
-847.663188
-801.778473
-755.893758
-675.595508
-583.826079
-492.056649
-400.287220
-331.460148
-256.897487
-222.483951
-233.955129
-233.955129
-256.897487
-314.253380
-354.402505
-400.287220
-446.171935
-537.941364
-583.826079
-629.710793
-710.009044
-801.778473
-847.663188
-893.547902
-985.317332
-1077.086761
-1122.971476
-1214.740905
-1352.395049
-1467.106836
-1558.876265
-1650.645694
-1742.415124
-1834.184553
-1834.184553
-1834.184553
-1834.184553
-1742.415124
-1650.645694
-1467.106836
-1352.395049
-1168.856190
-985.317332
-755.893758
-492.056649
-314.253380
-133.582316
16.976904
133.122588
233.495401
279.380116
267.908937
267.908937
244.966580
199.081865
98.709052
-0.229864
-104.904369
-222.483951
-331.460148
-377.344863
-469.114292
-560.883721
-583.826079
-606.768436
-606.768436
-583.826079
-514.999007
-446.171935
-377.344863
-302.782201
-211.012772
-142.185700
-76.226423
-8.833248
19.844699
31.315877
58.559927
75.766695
92.973463
92.973463
92.973463
115.915820
115.915820
98.709052
104.444641
104.444641
104.444641
110.180231
81.502284
47.088748
52.824337
25.580288
-14.568837
-0.229864
-3.097659
-28.907811
-17.436632
-23.172221
-37.511195
-47.548476
-40.378989
-34.643400
-53.284065
-47.548476
-23.172221
-14.568837
16.976904
58.559927
75.766695
121.651409
187.610687
199.081865
210.553044
222.024223
199.081865
187.610687
153.197151
92.973463
11.241315
-76.226423
-153.656879
-222.483951
-302.782201
-377.344863
-446.171935
-492.056649
-492.056649
-446.171935
-354.402505
-188.070415
16.976904
267.908937
583.366350
938.972889
1351.935321
1741.955396
2109.033113
2476.110830
2843.188547
3164.381550
3347.920408
3531.459267
3531.459267
3531.459267
3347.920408
3164.381550
2980.842691
2659.649689
2292.571971
1833.724825
1466.647108
1030.742318
629.251065
267.908937
-59.019655
-354.402505
-583.826079
-710.009044
-801.778473
-847.663188
-847.663188
-755.893758
-710.009044
-583.826079
-469.114292
-354.402505
-256.897487
-211.012772
-211.012772
-188.070415
-176.599236
-211.012772
-245.426308
-302.782201
-377.344863
-446.171935
-492.056649
-560.883721
-652.653151
-755.893758
-755.893758
-847.663188
-939.432617
-1031.202046
-1077.086761
-1168.856190
-1260.625620
-1352.395049
-1398.279764
-1467.106836
-1558.876265
-1650.645694
-1650.645694
-1742.415124
-1742.415124
-1742.415124
-1650.645694
-1558.876265
-1467.106836
-1306.510334
-1122.971476
-939.432617
-755.893758
-537.941364
-331.460148
-122.111137
37.051467
176.139508
279.380116
331.000420
353.942777
331.000420
302.322473
233.495401
141.725972
37.051467
-70.490833
-153.656879
-256.897487
-354.402505
-423.229577
-514.999007
-537.941364
-537.941364
-560.883721
-537.941364
-469.114292
-423.229577
-354.402505
-279.839844
-188.070415
-122.111137
-81.962012
-11.701043
22.712493
34.183672
81.502284
92.973463
64.295516
58.559927
64.295516
34.183672
31.315877
52.824337
37.051467
19.844699
22.712493
2.637931
-14.568837
-28.907811
-47.548476
-53.284065
-76.226423
-99.168780
-122.111137
-127.846727
-116.375548
-104.904369
-116.375548
-133.582316
-122.111137
-104.904369
-81.962012
-64.755244
-64.755244
-53.284065
-8.833248
28.448083
52.824337
121.651409
164.668329
164.668329
199.081865
222.024223
199.081865
187.610687
141.725972
92.973463
37.051467
-70.490833
-165.128057
-222.483951
-279.839844
-331.460148
-354.402505
-354.402505
-331.460148
-256.897487
-153.656879
-28.907811
164.668329
445.712207
801.318745
1122.511748
1466.647108
1833.724825
2200.802542
2567.880259
2980.842691
3164.381550
3347.920408
3531.459267
3531.459267
3531.459267
3347.920408
3164.381550
2843.188547
2476.110830
2109.033113
1650.185966
1260.165892
847.203460
514.539279
164.668329
-142.185700
-400.287220
-583.826079
-710.009044
-801.778473
-847.663188
-801.778473
-755.893758
-675.595508
-583.826079
-492.056649
-400.287220
-314.253380
-245.426308
-222.483951
-222.483951
-211.012772
-245.426308
-302.782201
-377.344863
-423.229577
-492.056649
-560.883721
-652.653151
-710.009044
-801.778473
-847.663188
-893.547902
-939.432617
-985.317332
-1077.086761
-1168.856190
-1214.740905
-1306.510334
-1352.395049
-1467.106836
-1467.106836
-1558.876265
-1650.645694
-1650.645694
-1650.645694
-1558.876265
-1558.876265
-1467.106836
-1306.510334
-1168.856190
-985.317332
-847.663188
-652.653151
-492.056649
-302.782201
-116.375548
8.373520
121.651409
222.024223
267.908937
290.851295
279.380116
210.553044
141.725972
52.824337
-70.490833
-188.070415
-302.782201
-423.229577
-514.999007
-583.826079
-629.710793
-675.595508
-652.653151
-629.710793
-606.768436
-560.883721
-469.114292
-423.229577
-354.402505
-291.311023
-199.541593
-122.111137
-70.490833
-8.833248
34.183672
58.559927
81.502284
104.444641
104.444641
104.444641
98.709052
87.237873
70.031105
37.051467
31.315877
37.051467
22.712493
16.976904
11.241315
11.241315
25.580288
42.787056
22.712493
-8.833248
-8.833248
-31.775605
-70.490833
-76.226423
-76.226423
-93.433191
-110.639959
-87.697601
-81.962012
-76.226423
-40.378989
-26.040016
-0.229864
52.824337
87.237873
121.651409
153.197151
164.668329
164.668329
164.668329
153.197151
121.651409
98.709052
34.183672
-17.436632
-70.490833
-142.185700
-188.070415
-222.483951
-233.955129
-188.070415
-87.697601
64.295516
279.380116
537.481636
847.203460
1214.281177
1558.416537
1925.494254
2292.571971
2659.649689
2980.842691
3164.381550
3347.920408
3531.459267
3531.459267
3347.920408
3164.381550
2980.842691
2751.419118
2384.341401
2017.263683
1558.416537
1214.281177
801.318745
376.885135
28.448083
-291.311023
-537.941364
-755.893758
-893.547902
-893.547902
-893.547902
-847.663188
-801.778473
-675.595508
-560.883721
-469.114292
-354.402505
-291.311023
-256.897487
-222.483951
-211.012772
-222.483951
-256.897487
-302.782201
-354.402505
-400.287220
-492.056649
-537.941364
-583.826079
-652.653151
-710.009044
-755.893758
-801.778473
-847.663188
-893.547902
-985.317332
-1031.202046
-1122.971476
-1168.856190
-1260.625620
-1306.510334
-1398.279764
-1467.106836
-1558.876265
-1558.876265
-1558.876265
-1558.876265
-1558.876265
-1467.106836
-1398.279764
-1306.510334
-1122.971476
-939.432617
-710.009044
-537.941364
-354.402505
-199.541593
-40.378989
87.237873
164.668329
233.495401
256.437759
244.966580
222.024223
164.668329
58.559927
-37.511195
-153.656879
-279.839844
-400.287220
-514.999007
-606.768436
-675.595508
-755.893758
-755.893758
-755.893758
-755.893758
-710.009044
-652.653151
-560.883721
-446.171935
-354.402505
-256.897487
-165.128057
-99.168780
-43.246784
-5.965453
47.088748
92.973463
115.915820
115.915820
104.444641
127.386999
133.122588
121.651409
115.915820
92.973463
75.766695
75.766695
70.031105
70.031105
64.295516
64.295516
64.295516
75.766695
70.031105
31.315877
11.241315
-0.229864
-34.643400
-43.246784
-53.284065
-81.962012
-99.168780
-127.846727
-153.656879
-133.582316
-110.639959
-64.755244
-20.304427
-0.229864
37.051467
75.766695
121.651409
176.139508
199.081865
199.081865
164.668329
121.651409
81.502284
37.051467
-5.965453
-53.284065
-87.697601
-87.697601
-87.697601
-26.040016
81.502284
222.024223
422.769849
675.135780
984.857604
1351.935321
1741.955396
2017.263683
2384.341401
2659.649689
2980.842691
3164.381550
3347.920408
3531.459267
3531.459267
3347.920408
3164.381550
2980.842691
2659.649689
2292.571971
1925.494254
1466.647108
1122.511748
755.434030
353.942777
8.373520
-279.839844
-514.999007
-710.009044
-801.778473
-893.547902
-893.547902
-847.663188
-801.778473
-710.009044
-560.883721
-492.056649
-400.287220
-331.460148
-302.782201
-233.955129
-233.955129
-279.839844
-314.253380
-354.402505
-446.171935
-537.941364
-606.768436
-675.595508
-755.893758
-847.663188
-893.547902
-939.432617
-985.317332
-1077.086761
-1077.086761
-1168.856190
-1214.740905
-1260.625620
-1306.510334
-1398.279764
-1467.106836
-1558.876265
-1558.876265
-1558.876265
-1558.876265
-1558.876265
-1558.876265
-1467.106836
-1398.279764
-1306.510334
-1168.856190
-1031.202046
-893.547902
-710.009044
-560.883721
-377.344863
-233.955129
-110.639959
2.637931
87.237873
176.139508
233.495401
210.553044
187.610687
164.668329
87.237873
14.109109
-70.490833
-165.128057
-279.839844
-400.287220
-492.056649
-537.941364
-583.826079
-629.710793
-652.653151
-652.653151
-606.768436
-560.883721
-492.056649
-423.229577
-331.460148
-256.897487
-176.599236
-70.490833
2.637931
47.088748
110.180231
153.197151
187.610687
199.081865
176.139508
187.610687
176.139508
153.197151
133.122588
104.444641
70.031105
64.295516
75.766695
70.031105
64.295516
58.559927
58.559927
70.031105
52.824337
39.919261
52.824337
42.787056
22.712493
8.373520
-26.040016
-31.775605
-40.378989
-53.284065
-37.511195
-43.246784
-47.548476
-34.643400
-17.436632
8.373520
39.919261
64.295516
92.973463
104.444641
92.973463
87.237873
81.502284
64.295516
42.787056
-0.229864
-34.643400
-64.755244
-76.226423
-37.511195
19.844699
81.502284
187.610687
353.942777
583.366350
847.203460
1122.511748
1466.647108
1833.724825
2109.033113
2476.110830
2751.419118
2980.842691
3164.381550
3347.920408
3347.920408
3347.920408
3164.381550
2980.842691
2843.188547
2476.110830
2109.033113
1741.955396
1351.935321
984.857604
583.366350
222.024223
-93.433191
-377.344863
-606.768436
-755.893758
-847.663188
-939.432617
-939.432617
-893.547902
-847.663188
-801.778473
-675.595508
-583.826079
-492.056649
-423.229577
-400.287220
-354.402505
-354.402505
-331.460148
-354.402505
-400.287220
-469.114292
-492.056649
-560.883721
-652.653151
-710.009044
-801.778473
-847.663188
-893.547902
-939.432617
-1031.202046
-1077.086761
-1122.971476
-1168.856190
-1214.740905
-1260.625620
-1306.510334
-1352.395049
-1398.279764
-1398.279764
-1467.106836
-1467.106836
-1467.106836
-1398.279764
-1306.510334
-1260.625620
-1122.971476
-1031.202046
-893.547902
-755.893758
-606.768436
-446.171935
-291.311023
-176.599236
-37.511195
47.088748
87.237873
153.197151
199.081865
176.139508
141.725972
75.766695
-3.097659
-76.226423
-165.128057
-291.311023
-446.171935
-514.999007
-583.826079
-652.653151
-710.009044
-755.893758
-710.009044
-675.595508
-652.653151
-583.826079
-492.056649
-400.287220
-279.839844
-188.070415
-122.111137
-53.284065
52.824337
121.651409
153.197151
164.668329
187.610687
210.553044
176.139508
164.668329
153.197151
98.709052
75.766695
75.766695
39.919261
22.712493
47.088748
52.824337
47.088748
58.559927
70.031105
70.031105
58.559927
75.766695
75.766695
58.559927
70.031105
75.766695
47.088748
47.088748
34.183672
22.712493
42.787056
34.183672
14.109109
47.088748
52.824337
34.183672
52.824337
58.559927
39.919261
34.183672
19.844699
-23.172221
-59.019655
-81.962012
-116.375548
-142.185700
-127.846727
-116.375548
-81.962012
5.505725
127.386999
290.851295
491.596921
755.434030
1076.627033
1397.820036
1741.955396
2017.263683
2384.341401
2659.649689
2980.842691
3164.381550
3347.920408
3347.920408
3347.920408
3164.381550
3164.381550
2843.188547
2567.880259
2200.802542
1833.724825
1466.647108
1076.627033
675.135780
290.851295
-37.511195
-331.460148
-583.826079
-755.893758
-847.663188
-939.432617
-939.432617
-939.432617
-847.663188
-755.893758
-652.653151
-560.883721
-446.171935
-377.344863
-331.460148
-302.782201
-268.368665
-233.955129
-256.897487
-331.460148
-400.287220
-446.171935
-492.056649
-583.826079
-710.009044
-755.893758
-801.778473
-893.547902
-939.432617
-985.317332
-1077.086761
-1122.971476
-1168.856190
-1214.740905
-1260.625620
-1306.510334
-1352.395049
-1398.279764
-1398.279764
-1398.279764
-1467.106836
-1398.279764
-1352.395049
-1306.510334
-1260.625620
-1168.856190
-1031.202046
-893.547902
-755.893758
-629.710793
-469.114292
-302.782201
-176.599236
-47.548476
81.502284
164.668329
222.024223
256.437759
244.966580
199.081865
141.725972
52.824337
-37.511195
-153.656879
-268.368665
-377.344863
-492.056649
-583.826079
-675.595508
-710.009044
-755.893758
-755.893758
-755.893758
-710.009044
-652.653151
-560.883721
-469.114292
-377.344863
-279.839844
-153.656879
-47.548476
31.315877
104.444641
153.197151
187.610687
222.024223
256.437759
233.495401
199.081865
199.081865
176.139508
153.197151
121.651409
92.973463
58.559927
31.315877
2.637931
-3.097659
19.844699
16.976904
8.373520
25.580288
22.712493
28.448083
52.824337
64.295516
58.559927
52.824337
34.183672
39.919261
64.295516
70.031105
42.787056
52.824337
87.237873
70.031105
52.824337
52.824337
58.559927
39.919261
-8.833248
-23.172221
-40.378989
-81.962012
-87.697601
-104.904369
-142.185700
-142.185700
-127.846727
-81.962012
-8.833248
81.502284
233.495401
468.654564
709.549316
984.857604
1306.050606
1650.185966
1925.494254
2292.571971
2567.880259
2751.419118
2980.842691
3164.381550
3347.920408
3347.920408
3164.381550
3164.381550
2980.842691
2659.649689
2384.341401
1925.494254
1558.416537
1168.396462
801.318745
422.769849
58.559927
-256.897487
-514.999007
-710.009044
-847.663188
-939.432617
-985.317332
-985.317332
-939.432617
-893.547902
-801.778473
-710.009044
-583.826079
-492.056649
-423.229577
-377.344863
-331.460148
-314.253380
-302.782201
-354.402505
-400.287220
-446.171935
-514.999007
-606.768436
-710.009044
-801.778473
-893.547902
-939.432617
-985.317332
-1031.202046
-1077.086761
-1122.971476
-1168.856190
-1214.740905
-1214.740905
-1214.740905
-1260.625620
-1306.510334
-1306.510334
-1306.510334
-1306.510334
-1260.625620
-1214.740905
-1214.740905
-1122.971476
-1031.202046
-939.432617
-801.778473
-710.009044
-583.826079
-446.171935
-314.253380
-188.070415
-64.755244
28.448083
115.915820
176.139508
187.610687
187.610687
187.610687
141.725972
75.766695
-8.833248
-122.111137
-233.955129
-331.460148
-446.171935
-537.941364
-606.768436
-675.595508
-710.009044
-710.009044
-710.009044
-710.009044
-652.653151
-583.826079
-514.999007
-446.171935
-354.402505
-268.368665
-153.656879
-76.226423
-0.229864
81.502284
153.197151
199.081865
233.495401
233.495401
244.966580
244.966580
222.024223
199.081865
153.197151
92.973463
81.502284
64.295516
52.824337
37.051467
22.712493
31.315877
39.919261
39.919261
37.051467
42.787056
47.088748
58.559927
81.502284
81.502284
87.237873
104.444641
133.122588
141.725972
141.725972
164.668329
164.668329
153.197151
153.197151
115.915820
92.973463
110.180231
87.237873
28.448083
-11.701043
-59.019655
-99.168780
-116.375548
-142.185700
-153.656879
-165.128057
-153.656879
-110.639959
-20.304427
110.180231
290.851295
537.481636
801.318745
1076.627033
1397.820036
1741.955396
2109.033113
2384.341401
2659.649689
2980.842691
3164.381550
3164.381550
3164.381550
3164.381550
3164.381550
2980.842691
2751.419118
2384.341401
2017.263683
1650.185966
1260.165892
847.203460
491.596921
121.651409
-211.012772
-492.056649
-710.009044
-893.547902
-985.317332
-1031.202046
-1031.202046
-985.317332
-939.432617
-847.663188
-755.893758
-606.768436
-514.999007
-446.171935
-377.344863
-331.460148
-302.782201
-314.253380
-331.460148
-354.402505
-400.287220
-469.114292
-537.941364
-606.768436
-710.009044
-801.778473
-847.663188
-893.547902
-985.317332
-1031.202046
-1077.086761
-1122.971476
-1168.856190
-1214.740905
-1214.740905
-1260.625620
-1260.625620
-1306.510334
-1306.510334
-1306.510334
-1260.625620
-1260.625620
-1214.740905
-1122.971476
-1077.086761
-985.317332
-893.547902
-755.893758
-606.768436
-514.999007
-400.287220
-279.839844
-153.656879
-64.755244
19.844699
98.709052
141.725972
164.668329
176.139508
164.668329
121.651409
39.919261
-28.907811
-104.904369
-199.541593
-291.311023
-400.287220
-469.114292
-514.999007
-560.883721
-606.768436
-629.710793
-629.710793
-606.768436
-583.826079
-537.941364
-469.114292
-377.344863
-302.782201
-211.012772
-81.962012
-0.229864
75.766695
176.139508
244.966580
267.908937
290.851295
302.322473
313.793652
302.322473
256.437759
222.024223
164.668329
127.386999
92.973463
39.919261
8.373520
-11.701043
-40.378989
-34.643400
-28.907811
-47.548476
-37.511195
-11.701043
-28.907811
-14.568837
22.712493
58.559927
92.973463
115.915820
141.725972
153.197151
176.139508
176.139508
141.725972
127.386999
153.197151
127.386999
75.766695
52.824337
31.315877
14.109109
-0.229864
-40.378989
-99.168780
-142.185700
-153.656879
-165.128057
-153.656879
-116.375548
-53.284065
52.824337
210.553044
376.885135
583.366350
847.203460
1122.511748
1466.647108
1741.955396
2017.263683
2292.571971
2567.880259
2751.419118
2980.842691
2980.842691
2980.842691
2980.842691
2980.842691
2751.419118
2476.110830
2292.571971
1925.494254
1558.416537
1214.281177
847.203460
514.539279
176.139508
-133.582316
-423.229577
-629.710793
-755.893758
-893.547902
-939.432617
-985.317332
-985.317332
-939.432617
-847.663188
-755.893758
-675.595508
-583.826079
-514.999007
-469.114292
-400.287220
-354.402505
-331.460148
-354.402505
-377.344863
-400.287220
-423.229577
-492.056649
-537.941364
-606.768436
-710.009044
-801.778473
-893.547902
-939.432617
-985.317332
-1077.086761
-1168.856190
-1214.740905
-1260.625620
-1260.625620
-1260.625620
-1306.510334
-1352.395049
-1306.510334
-1306.510334
-1260.625620
-1214.740905
-1168.856190
-1077.086761
-1031.202046
-939.432617
-801.778473
-675.595508
-537.941364
-423.229577
-314.253380
-188.070415
-76.226423
34.183672
115.915820
153.197151
164.668329
187.610687
176.139508
141.725972
92.973463
34.183672
-26.040016
-104.904369
-199.541593
-291.311023
-377.344863
-446.171935
-514.999007
-560.883721
-606.768436
-629.710793
-583.826079
-560.883721
-537.941364
-514.999007
-423.229577
-354.402505
-268.368665
-188.070415
-99.168780
-31.775605
31.315877
115.915820
187.610687
222.024223
233.495401
244.966580
256.437759
233.495401
199.081865
187.610687
187.610687
153.197151
104.444641
75.766695
58.559927
34.183672
5.505725
-0.229864
-11.701043
-20.304427
-8.833248
-0.229864
16.976904
31.315877
34.183672
47.088748
87.237873
104.444641
115.915820
141.725972
153.197151
176.139508
199.081865
222.024223
210.553044
187.610687
187.610687
187.610687
164.668329
153.197151
133.122588
104.444641
42.787056
-26.040016
-64.755244
-87.697601
-99.168780
-93.433191
-81.962012
-40.378989
34.183672
153.197151
302.322473
468.654564
709.549316
984.857604
1214.281177
1466.647108
1741.955396
2017.263683
2292.571971
2476.110830
2659.649689
2751.419118
2843.188547
2843.188547
2751.419118
2659.649689
2476.110830
2200.802542
1925.494254
1650.185966
1306.050606
938.972889
606.308708
279.380116
-17.436632
-279.839844
-514.999007
-710.009044
-801.778473
-893.547902
-939.432617
-939.432617
-939.432617
-847.663188
-801.778473
-755.893758
-675.595508
-606.768436
-537.941364
-469.114292
-423.229577
-400.287220
-423.229577
-423.229577
-423.229577
-469.114292
-514.999007
-560.883721
-606.768436
-675.595508
-755.893758
-801.778473
-847.663188
-939.432617
-985.317332
-1031.202046
-1031.202046
-1077.086761
-1122.971476
-1168.856190
-1168.856190
-1214.740905
-1214.740905
-1214.740905
-1214.740905
-1168.856190
-1122.971476
-1077.086761
-985.317332
-893.547902
-801.778473
-710.009044
-583.826079
-469.114292
-377.344863
-256.897487
-142.185700
-70.490833
-0.229864
81.502284
110.180231
133.122588
164.668329
153.197151
121.651409
81.502284
14.109109
-53.284065
-127.846727
-245.426308
-331.460148
-377.344863
-446.171935
-514.999007
-583.826079
-606.768436
-629.710793
-606.768436
-560.883721
-514.999007
-446.171935
-377.344863
-291.311023
-199.541593
-127.846727
-31.775605
58.559927
121.651409
187.610687
244.966580
279.380116
302.322473
331.000420
331.000420
331.000420
331.000420
279.380116
222.024223
176.139508
164.668329
141.725972
104.444641
75.766695
75.766695
58.559927
64.295516
52.824337
47.088748
64.295516
52.824337
47.088748
47.088748
52.824337
75.766695
98.709052
121.651409
133.122588
141.725972
153.197151
153.197151
153.197151
164.668329
176.139508
141.725972
141.725972
141.725972
110.180231
75.766695
52.824337
28.448083
-5.965453
-37.511195
-47.548476
-70.490833
-81.962012
-59.019655
-37.511195
-14.568837
52.824337
176.139508
331.000420
537.481636
755.434030
984.857604
1214.281177
1466.647108
1741.955396
1925.494254
2109.033113
2384.341401
2476.110830
2567.880259
2567.880259
2567.880259
2476.110830
2292.571971
2109.033113
1925.494254
1650.185966
1306.050606
1030.742318
709.549316
422.769849
127.386999
-127.846727
-354.402505
-537.941364
-675.595508
-801.778473
-893.547902
-893.547902
-893.547902
-847.663188
-801.778473
-755.893758
-652.653151
-583.826079
-537.941364
-469.114292
-446.171935
-400.287220
-377.344863
-354.402505
-377.344863
-423.229577
-423.229577
-492.056649
-537.941364
-583.826079
-652.653151
-755.893758
-801.778473
-893.547902
-939.432617
-985.317332
-1031.202046
-1077.086761
-1122.971476
-1168.856190
-1168.856190
-1168.856190
-1168.856190
-1168.856190
-1168.856190
-1122.971476
-1077.086761
-985.317332
-939.432617
-847.663188
-710.009044
-629.710793
-560.883721
-446.171935
-331.460148
-245.426308
-153.656879
-87.697601
-23.172221
28.448083
64.295516
98.709052
141.725972
153.197151
127.386999
98.709052
52.824337
19.844699
-34.643400
-99.168780
-133.582316
-199.541593
-268.368665
-302.782201
-354.402505
-400.287220
-423.229577
-423.229577
-400.287220
-377.344863
-354.402505
-314.253380
-245.426308
-165.128057
-110.639959
-53.284065
2.637931
81.502284
153.197151
199.081865
233.495401
256.437759
267.908937
302.322473
302.322473
279.380116
267.908937
233.495401
187.610687
141.725972
115.915820
81.502284
58.559927
47.088748
34.183672
22.712493
14.109109
-14.568837
-40.378989
-37.511195
-43.246784
-34.643400
-40.378989
-43.246784
-26.040016
-31.775605
-23.172221
-11.701043
11.241315
34.183672
52.824337
70.031105
64.295516
75.766695
121.651409
127.386999
121.651409
104.444641
75.766695
52.824337
37.051467
11.241315
-34.643400
-47.548476
-70.490833
-87.697601
-81.962012
-81.962012
-47.548476
42.787056
153.197151
313.793652
491.596921
709.549316
893.088174
1122.511748
1351.935321
1558.416537
1833.724825
2017.263683
2109.033113
2292.571971
2292.571971
2384.341401
2292.571971
2292.571971
2200.802542
2017.263683
1741.955396
1558.416537
1306.050606
1030.742318
755.434030
491.596921
222.024223
-17.436632
-233.955129
-400.287220
-537.941364
-652.653151
-710.009044
-755.893758
-755.893758
-710.009044
-710.009044
-652.653151
-606.768436
-537.941364
-446.171935
-400.287220
-354.402505
-314.253380
-291.311023
-291.311023
-279.839844
-291.311023
-331.460148
-400.287220
-469.114292
-537.941364
-606.768436
-675.595508
-755.893758
-847.663188
-939.432617
-985.317332
-1031.202046
-1077.086761
-1122.971476
-1122.971476
-1168.856190
-1168.856190
-1168.856190
-1122.971476
-1077.086761
-1031.202046
-985.317332
-893.547902
-847.663188
-755.893758
-710.009044
-606.768436
-492.056649
-400.287220
-331.460148
-268.368665
-176.599236
-127.846727
-64.755244
-3.097659
42.787056
92.973463
115.915820
127.386999
127.386999
104.444641
87.237873
58.559927
-3.097659
-47.548476
-99.168780
-165.128057
-211.012772
-268.368665
-314.253380
-354.402505
-354.402505
-377.344863
-354.402505
-331.460148
-331.460148
-302.782201
-256.897487
-222.483951
-153.656879
-87.697601
-40.378989
31.315877
75.766695
104.444641
153.197151
199.081865
222.024223
233.495401
256.437759
233.495401
199.081865
187.610687
176.139508
153.197151
133.122588
98.709052
87.237873
70.031105
37.051467
2.637931
-20.304427
-40.378989
-53.284065
-81.962012
-104.904369
-127.846727
-127.846727
-127.846727
-116.375548
-87.697601
-93.433191
-81.962012
-31.775605
-20.304427
-0.229864
25.580288
39.919261
47.088748
47.088748
87.237873
110.180231
92.973463
92.973463
70.031105
47.088748
47.088748
28.448083
2.637931
-3.097659
-31.775605
-28.907811
5.505725
31.315877
127.386999
233.495401
331.000420
491.596921
652.193422
847.203460
1076.627033
1214.281177
1466.647108
1650.185966
1741.955396
1925.494254
2017.263683
2109.033113
2109.033113
2109.033113
2109.033113
2017.263683
1925.494254
1741.955396
1558.416537
1351.935321
1122.511748
893.088174
629.251065
399.827492
176.139508
-23.172221
-199.541593
-354.402505
-492.056649
-606.768436
-652.653151
-675.595508
-710.009044
-710.009044
-675.595508
-629.710793
-606.768436
-537.941364
-446.171935
-377.344863
-331.460148
-302.782201
-302.782201
-314.253380
-302.782201
-331.460148
-377.344863
-446.171935
-492.056649
-560.883721
-629.710793
-710.009044
-801.778473
-847.663188
-893.547902
-939.432617
-985.317332
-985.317332
-985.317332
-985.317332
-985.317332
-985.317332
-985.317332
-939.432617
-893.547902
-893.547902
-847.663188
-755.893758
-710.009044
-675.595508
-583.826079
-514.999007
-492.056649
-423.229577
-354.402505
-291.311023
-222.483951
-188.070415
-142.185700
-87.697601
-40.378989
-11.701043
-8.833248
-3.097659
-3.097659
-14.568837
-20.304427
-43.246784
-59.019655
-99.168780
-165.128057
-199.541593
-245.426308
-268.368665
-279.839844
-331.460148
-354.402505
-354.402505
-314.253380
-291.311023
-279.839844
-233.955129
-199.541593
-176.599236
-122.111137
-76.226423
-14.568837
31.315877
64.295516
98.709052
133.122588
176.139508
222.024223
233.495401
222.024223
222.024223
222.024223
233.495401
199.081865
164.668329
141.725972
104.444641
87.237873
58.559927
34.183672
11.241315
-11.701043
-17.436632
-37.511195
-40.378989
-28.907811
-59.019655
-70.490833
-64.755244
-59.019655
-31.775605
-28.907811
-3.097659
28.448083
47.088748
110.180231
141.725972
153.197151
199.081865
199.081865
199.081865
199.081865
187.610687
187.610687
187.610687
153.197151
104.444641
81.502284
104.444641
81.502284
39.919261
52.824337
75.766695
98.709052
141.725972
199.081865
290.851295
422.769849
560.423993
709.549316
847.203460
1076.627033
1260.165892
1397.820036
1558.416537
1650.185966
1833.724825
1833.724825
1925.494254
1925.494254
1925.494254
1833.724825
1741.955396
1558.416537
1466.647108
1260.165892
1030.742318
847.203460
583.366350
353.942777
133.122588
-64.755244
-256.897487
-400.287220
-514.999007
-629.710793
-675.595508
-710.009044
-755.893758
-710.009044
-629.710793
-583.826079
-537.941364
-492.056649
-423.229577
-377.344863
-331.460148
-302.782201
-279.839844
-256.897487
-256.897487
-279.839844
-302.782201
-354.402505
-400.287220
-492.056649
-583.826079
-652.653151
-755.893758
-801.778473
-847.663188
-939.432617
-985.317332
-985.317332
-1031.202046
-985.317332
-1031.202046
-985.317332
-985.317332
-939.432617
-893.547902
-893.547902
-847.663188
-755.893758
-710.009044
-606.768436
-560.883721
-492.056649
-400.287220
-331.460148
-256.897487
-199.541593
-127.846727
-53.284065
-8.833248
14.109109
34.183672
75.766695
104.444641
92.973463
92.973463
87.237873
70.031105
64.295516
39.919261
16.976904
-23.172221
-87.697601
-110.639959
-153.656879
-199.541593
-222.483951
-245.426308
-268.368665
-279.839844
-279.839844
-245.426308
-222.483951
-222.483951
-211.012772
-188.070415
-142.185700
-93.433191
-64.755244
-43.246784
-28.907811
-0.229864
47.088748
70.031105
104.444641
133.122588
141.725972
141.725972
127.386999
133.122588
133.122588
110.180231
98.709052
58.559927
19.844699
8.373520
-11.701043
-31.775605
-37.511195
-59.019655
-64.755244
-59.019655
-70.490833
-76.226423
-76.226423
-59.019655
-47.548476
-28.907811
11.241315
34.183672
52.824337
98.709052
141.725972
187.610687
210.553044
210.553044
244.966580
267.908937
244.966580
267.908937
256.437759
222.024223
210.553044
187.610687
141.725972
110.180231
110.180231
70.031105
47.088748
81.502284
127.386999
176.139508
233.495401
313.793652
445.712207
583.366350
709.549316
847.203460
1030.742318
1168.396462
1351.935321
1466.647108
1558.416537
1650.185966
1741.955396
1741.955396
1741.955396
1650.185966
1558.416537
1466.647108
1351.935321
1214.281177
1030.742318
801.318745
606.308708
399.827492
222.024223
47.088748
-133.582316
-279.839844
-400.287220
-514.999007
-583.826079
-629.710793
-652.653151
-652.653151
-652.653151
-652.653151
-583.826079
-537.941364
-492.056649
-400.287220
-331.460148
-302.782201
-268.368665
-256.897487
-256.897487
-245.426308
-245.426308
-279.839844
-354.402505
-423.229577
-492.056649
-560.883721
-652.653151
-710.009044
-801.778473
-847.663188
-939.432617
-985.317332
-985.317332
-1031.202046
-1031.202046
-1031.202046
-1031.202046
-985.317332
-939.432617
-893.547902
-801.778473
-755.893758
-652.653151
-560.883721
-492.056649
-400.287220
-331.460148
-268.368665
-211.012772
-142.185700
-81.962012
-14.568837
31.315877
42.787056
58.559927
104.444641
115.915820
81.502284
81.502284
64.295516
37.051467
31.315877
-0.229864
-59.019655
-104.904369
-142.185700
-165.128057
-188.070415
-211.012772
-222.483951
-245.426308
-256.897487
-245.426308
-222.483951
-211.012772
-199.541593
-188.070415
-165.128057
-127.846727
-87.697601
-53.284065
-17.436632
8.373520
52.824337
81.502284
87.237873
115.915820
153.197151
153.197151
153.197151
153.197151
164.668329
164.668329
153.197151
153.197151
121.651409
110.180231
104.444641
64.295516
39.919261
28.448083
-8.833248
-28.907811
-26.040016
-53.284065
-64.755244
-59.019655
-59.019655
-53.284065
-17.436632
-3.097659
25.580288
81.502284
110.180231
153.197151
176.139508
199.081865
233.495401
256.437759
279.380116
302.322473
313.793652
331.000420
302.322473
279.380116
267.908937
244.966580
210.553044
164.668329
121.651409
75.766695
47.088748
47.088748
34.183672
42.787056
104.444641
141.725972
176.139508
279.380116
399.827492
514.539279
629.251065
755.434030
847.203460
984.857604
1122.511748
1214.281177
1351.935321
1466.647108
1466.647108
1466.647108
1466.647108
1466.647108
1397.820036
1260.165892
1122.511748
984.857604
847.203460
675.135780
491.596921
302.322473
141.725972
-11.701043
-153.656879
-279.839844
-377.344863
-469.114292
-537.941364
-583.826079
-606.768436
-606.768436
-583.826079
-560.883721
-514.999007
-469.114292
-423.229577
-354.402505
-331.460148
-302.782201
-279.839844
-268.368665
-268.368665
-291.311023
-331.460148
-377.344863
-423.229577
-469.114292
-514.999007
-583.826079
-652.653151
-710.009044
-755.893758
-801.778473
-847.663188
-893.547902
-893.547902
-893.547902
-893.547902
-847.663188
-847.663188
-801.778473
-755.893758
-710.009044
-652.653151
-583.826079
-492.056649
-423.229577
-377.344863
-291.311023
-233.955129
-199.541593
-133.582316
-76.226423
-53.284065
-5.965453
31.315877
28.448083
47.088748
92.973463
104.444641
92.973463
81.502284
58.559927
58.559927
47.088748
5.505725
-28.907811
-47.548476
-87.697601
-99.168780
-104.904369
-153.656879
-188.070415
-176.599236
-188.070415
-211.012772
-199.541593
-188.070415
-199.541593
-176.599236
-133.582316
-116.375548
-70.490833
-26.040016
-20.304427
2.637931
39.919261
75.766695
121.651409
141.725972
133.122588
141.725972
141.725972
141.725972
153.197151
133.122588
110.180231
104.444641
87.237873
58.559927
25.580288
2.637931
-23.172221
-64.755244
-93.433191
-76.226423
-64.755244
-76.226423
-59.019655
-37.511195
-59.019655
-47.548476
11.241315
37.051467
58.559927
104.444641
121.651409
153.197151
199.081865
244.966580
256.437759
244.966580
256.437759
256.437759
233.495401
233.495401
199.081865
141.725972
127.386999
92.973463
42.787056
37.051467
25.580288
-20.304427
-31.775605
-23.172221
-31.775605
2.637931
58.559927
87.237873
164.668329
279.380116
376.885135
491.596921
629.251065
755.434030
847.203460
984.857604
1122.511748
1168.396462
1260.165892
1306.050606
1351.935321
1351.935321
1351.935321
1306.050606
1214.281177
1122.511748
1030.742318
893.088174
755.434030
606.308708
422.769849
267.908937
115.915820
-37.511195
-153.656879
-256.897487
-331.460148
-400.287220
-469.114292
-492.056649
-469.114292
-492.056649
-469.114292
-446.171935
-423.229577
-377.344863
-314.253380
-268.368665
-233.955129
-211.012772
-211.012772
-222.483951
-211.012772
-233.955129
-268.368665
-291.311023
-354.402505
-423.229577
-469.114292
-514.999007
-583.826079
-629.710793
-710.009044
-755.893758
-801.778473
-801.778473
-801.778473
-847.663188
-801.778473
-801.778473
-755.893758
-710.009044
-652.653151
-583.826079
-537.941364
-469.114292
-423.229577
-377.344863
-302.782201
-256.897487
-211.012772
-165.128057
-122.111137
-53.284065
-28.907811
-11.701043
16.976904
2.637931
-0.229864
25.580288
14.109109
2.637931
5.505725
-17.436632
-40.378989
-53.284065
-87.697601
-104.904369
-116.375548
-153.656879
-188.070415
-199.541593
-188.070415
-199.541593
-211.012772
-199.541593
-199.541593
-199.541593
-176.599236
-165.128057
-153.656879
-116.375548
-87.697601
-70.490833
-43.246784
-17.436632
-5.965453
11.241315
47.088748
64.295516
92.973463
133.122588
115.915820
110.180231
121.651409
98.709052
98.709052
81.502284
58.559927
75.766695
52.824337
16.976904
16.976904
-0.229864
-34.643400
-43.246784
-59.019655
-87.697601
-76.226423
-59.019655
-70.490833
-64.755244
-47.548476
-28.907811
-8.833248
22.712493
39.919261
64.295516
104.444641
127.386999
141.725972
153.197151
210.553044
244.966580
222.024223
222.024223
210.553044
210.553044
210.553044
176.139508
153.197151
133.122588
133.122588
153.197151
127.386999
121.651409
153.197151
176.139508
199.081865
256.437759
313.793652
376.885135
468.654564
560.423993
652.193422
755.434030
847.203460
938.972889
984.857604
1076.627033
1076.627033
1122.511748
1168.396462
1168.396462
1122.511748
1122.511748
1030.742318
938.972889
847.203460
755.434030
629.251065
514.539279
399.827492
267.908937
133.122588
37.051467
-81.962012
-188.070415
-256.897487
-314.253380
-354.402505
-400.287220
-400.287220
-377.344863
-400.287220
-377.344863
-331.460148
-331.460148
-291.311023
-291.311023
-291.311023
-245.426308
-245.426308
-256.897487
-268.368665
-291.311023
-314.253380
-354.402505
-400.287220
-469.114292
-514.999007
-537.941364
-583.826079
-629.710793
-675.595508
-710.009044
-755.893758
-755.893758
-755.893758
-755.893758
-755.893758
-710.009044
-652.653151
-629.710793
-583.826079
-492.056649
-446.171935
-400.287220
-314.253380
-268.368665
-199.541593
-133.582316
-99.168780
-59.019655
-23.172221
-0.229864
5.505725
11.241315
28.448083
-0.229864
-14.568837
-3.097659
-43.246784
-76.226423
-70.490833
-99.168780
-142.185700
-165.128057
-176.599236
-176.599236
-188.070415
-188.070415
-188.070415
-199.541593
-176.599236
-165.128057
-165.128057
-153.656879
-142.185700
-142.185700
-116.375548
-99.168780
-81.962012
-64.755244
-47.548476
-37.511195
-43.246784
-11.701043
8.373520
-0.229864
19.844699
31.315877
31.315877
58.559927
70.031105
52.824337
52.824337
58.559927
52.824337
37.051467
39.919261
47.088748
2.637931
-3.097659
-0.229864
-5.965453
-8.833248
-37.511195
-31.775605
-28.907811
-31.775605
-5.965453
-11.701043
-0.229864
22.712493
11.241315
47.088748
87.237873
98.709052
127.386999
153.197151
164.668329
176.139508
199.081865
222.024223
233.495401
222.024223
222.024223
244.966580
222.024223
222.024223
233.495401
210.553044
187.610687
176.139508
187.610687
187.610687
187.610687
233.495401
256.437759
290.851295
353.942777
399.827492
445.712207
514.539279
583.366350
652.193422
709.549316
755.434030
847.203460
847.203460
893.088174
938.972889
938.972889
893.088174
893.088174
847.203460
801.318745
755.434030
675.135780
583.366350
491.596921
399.827492
290.851295
187.610687
98.709052
31.315877
-47.548476
-122.111137
-165.128057
-211.012772
-233.955129
-245.426308
-268.368665
-268.368665
-256.897487
-245.426308
-233.955129
-222.483951
-211.012772
-199.541593
-188.070415
-211.012772
-233.955129
-233.955129
-245.426308
-279.839844
-314.253380
-354.402505
-423.229577
-469.114292
-514.999007
-560.883721
-606.768436
-629.710793
-675.595508
-710.009044
-710.009044
-755.893758
-755.893758
-710.009044
-710.009044
-675.595508
-652.653151
-583.826079
-537.941364
-492.056649
-446.171935
-377.344863
-354.402505
-291.311023
-245.426308
-222.483951
-211.012772
-176.599236
-153.656879
-165.128057
-153.656879
-133.582316
-142.185700
-142.185700
-127.846727
-142.185700
-142.185700
-133.582316
-110.639959
-99.168780
-110.639959
-122.111137
-104.904369
-116.375548
-93.433191
-70.490833
-81.962012
-47.548476
-23.172221
-31.775605
-17.436632
-3.097659
5.505725
11.241315
31.315877
31.315877
22.712493
39.919261
28.448083
37.051467
64.295516
70.031105
87.237873
87.237873
87.237873
104.444641
110.180231
115.915820
133.122588
121.651409
121.651409
110.180231
92.973463
92.973463
92.973463
64.295516
58.559927
39.919261
22.712493
14.109109
-5.965453
-11.701043
-5.965453
-3.097659
8.373520
16.976904
16.976904
31.315877
52.824337
64.295516
87.237873
115.915820
104.444641
115.915820
141.725972
133.122588
141.725972
176.139508
153.197151
141.725972
176.139508
176.139508
164.668329
176.139508
164.668329
164.668329
164.668329
164.668329
187.610687
210.553044
256.437759
267.908937
290.851295
353.942777
376.885135
445.712207
491.596921
537.481636
606.308708
652.193422
675.135780
709.549316
755.434030
755.434030
709.549316
755.434030
709.549316
652.193422
629.251065
583.366350
514.539279
445.712207
376.885135
302.322473
256.437759
164.668329
75.766695
22.712493
-47.548476
-99.168780
-133.582316
-188.070415
-199.541593
-222.483951
-245.426308
-222.483951
-211.012772
-222.483951
-211.012772
-188.070415
-188.070415
-176.599236
-133.582316
-142.185700
-153.656879
-153.656879
-211.012772
-222.483951
-211.012772
-256.897487
-291.311023
-331.460148
-377.344863
-423.229577
-446.171935
-469.114292
-514.999007
-537.941364
-560.883721
-583.826079
-583.826079
-583.826079
-583.826079
-583.826079
-583.826079
-560.883721
-537.941364
-514.999007
-469.114292
-446.171935
-377.344863
-354.402505
-314.253380
-279.839844
-268.368665
-211.012772
-165.128057
-142.185700
-133.582316
-104.904369
-76.226423
-81.962012
-76.226423
-47.548476
-53.284065
-53.284065
-47.548476
-53.284065
-64.755244
-59.019655
-47.548476
-64.755244
-70.490833
-64.755244
-59.019655
-64.755244
-64.755244
-64.755244
-59.019655
-40.378989
-23.172221
-23.172221
-20.304427
-11.701043
-0.229864
19.844699
34.183672
34.183672
58.559927
81.502284
70.031105
70.031105
104.444641
115.915820
110.180231
115.915820
127.386999
121.651409
115.915820
133.122588
121.651409
98.709052
110.180231
87.237873
70.031105
75.766695
64.295516
64.295516
70.031105
58.559927
58.559927
70.031105
58.559927
64.295516
81.502284
70.031105
81.502284
92.973463
87.237873
98.709052
127.386999
141.725972
141.725972
141.725972
153.197151
133.122588
141.725972
153.197151
133.122588
121.651409
127.386999
141.725972
133.122588
133.122588
141.725972
153.197151
153.197151
164.668329
176.139508
176.139508
199.081865
210.553044
244.966580
279.380116
302.322473
331.000420
353.942777
376.885135
422.769849
445.712207
491.596921
514.539279
514.539279
514.539279
514.539279
514.539279
537.481636
514.539279
468.654564
445.712207
399.827492
353.942777
331.000420
279.380116
222.024223
164.668329
110.180231
58.559927
5.505725
-34.643400
-93.433191
-122.111137
-153.656879
-188.070415
-188.070415
-188.070415
-222.483951
-233.955129
-233.955129
-222.483951
-222.483951
-233.955129
-233.955129
-245.426308
-245.426308
-245.426308
-268.368665
-279.839844
-291.311023
-331.460148
-354.402505
-354.402505
-377.344863
-400.287220
-423.229577
-423.229577
-446.171935
-469.114292
-469.114292
-446.171935
-469.114292
-469.114292
-469.114292
-423.229577
-400.287220
-377.344863
-354.402505
-331.460148
-302.782201
-279.839844
-256.897487
-222.483951
-211.012772
-199.541593
-165.128057
-153.656879
-142.185700
-116.375548
-87.697601
-81.962012
-76.226423
-70.490833
-76.226423
-87.697601
-76.226423
-53.284065
-59.019655
-53.284065
-47.548476
-40.378989
-40.378989
-47.548476
-26.040016
-3.097659
-17.436632
2.637931
25.580288
19.844699
25.580288
47.088748
47.088748
42.787056
47.088748
31.315877
19.844699
31.315877
37.051467
31.315877
39.919261
31.315877
11.241315
16.976904
25.580288
11.241315
16.976904
28.448083
31.315877
52.824337
64.295516
64.295516
64.295516
70.031105
64.295516
64.295516
52.824337
42.787056
37.051467
39.919261
42.787056
58.559927
47.088748
22.712493
42.787056
37.051467
14.109109
39.919261
47.088748
39.919261
64.295516
81.502284
110.180231
133.122588
141.725972
164.668329
176.139508
176.139508
187.610687
199.081865
210.553044
222.024223
222.024223
222.024223
222.024223
222.024223
233.495401
256.437759
233.495401
222.024223
233.495401
233.495401
222.024223
233.495401
233.495401
233.495401
256.437759
267.908937
267.908937
290.851295
313.793652
331.000420
331.000420
353.942777
376.885135
353.942777
353.942777
353.942777
331.000420
331.000420
313.793652
290.851295
256.437759
222.024223
187.610687
164.668329
133.122588
110.180231
70.031105
11.241315
-14.568837
-47.548476
-70.490833
-76.226423
-76.226423
-81.962012
-99.168780
-110.639959
-99.168780
-116.375548
-142.185700
-142.185700
-142.185700
-165.128057
-165.128057
-165.128057
-165.128057
-188.070415
-211.012772
-222.483951
-268.368665
-291.311023
-314.253380
-331.460148
-331.460148
-354.402505
-377.344863
-377.344863
-400.287220
-400.287220
-400.287220
-400.287220
-377.344863
-377.344863
-377.344863
-331.460148
-331.460148
-314.253380
-279.839844
-268.368665
-245.426308
-211.012772
-199.541593
-176.599236
-153.656879
-142.185700
-142.185700
-142.185700
-122.111137
-122.111137
-127.846727
-142.185700
-142.185700
-122.111137
-122.111137
-127.846727
-110.639959
-99.168780
-116.375548
-116.375548
-116.375548
-122.111137
-116.375548
-93.433191
-70.490833
-70.490833
-64.755244
-34.643400
-26.040016
-31.775605
-26.040016
-34.643400
-47.548476
-31.775605
-17.436632
-26.040016
-14.568837
-0.229864
-5.965453
5.505725
25.580288
31.315877
47.088748
39.919261
34.183672
37.051467
58.559927
70.031105
58.559927
70.031105
87.237873
92.973463
104.444641
121.651409
127.386999
127.386999
127.386999
127.386999
127.386999
133.122588
121.651409
110.180231
115.915820
110.180231
98.709052
104.444641
115.915820
115.915820
141.725972
164.668329
164.668329
164.668329
164.668329
176.139508
187.610687
187.610687
199.081865
222.024223
210.553044
210.553044
210.553044
199.081865
187.610687
187.610687
199.081865
176.139508
153.197151
153.197151
153.197151
141.725972
121.651409
115.915820
121.651409
127.386999
133.122588
133.122588
121.651409
127.386999
141.725972
141.725972
153.197151
164.668329
153.197151
164.668329
164.668329
164.668329
153.197151
153.197151
153.197151
164.668329
164.668329
164.668329
141.725972
133.122588
127.386999
98.709052
104.444641
92.973463
58.559927
52.824337
42.787056
25.580288
19.844699
11.241315
-0.229864
-0.229864
-0.229864
-23.172221
-40.378989
-31.775605
-28.907811
-53.284065
-81.962012
-87.697601
-93.433191
-99.168780
-87.697601
-99.168780
-122.111137
-127.846727
-142.185700
-142.185700
-165.128057
-199.541593
-199.541593
-211.012772
-233.955129
-233.955129
-233.955129
-222.483951
-233.955129
-222.483951
-211.012772
-211.012772
-222.483951
-233.955129
-233.955129
-245.426308
-245.426308
-222.483951
-222.483951
-199.541593
-188.070415
-199.541593
-199.541593
-188.070415
-176.599236
-188.070415
-199.541593
-188.070415
-188.070415
-176.599236
-165.128057
-176.599236
-165.128057
-165.128057
-176.599236
-142.185700
-122.111137
-133.582316
-133.582316
-122.111137
-122.111137
-110.639959
-93.433191
-93.433191
-81.962012
-70.490833
-64.755244
-59.019655
-53.284065
-47.548476
-43.246784
-43.246784
-17.436632
-5.965453
-5.965453
14.109109
8.373520
-0.229864
11.241315
5.505725
8.373520
16.976904
16.976904
16.976904
16.976904
25.580288
34.183672
39.919261
37.051467
42.787056
47.088748
47.088748
47.088748
42.787056
42.787056
47.088748
64.295516
81.502284
92.973463
98.709052
98.709052
115.915820
121.651409
133.122588
153.197151
141.725972
141.725972
164.668329
164.668329
164.668329
164.668329
164.668329
187.610687
199.081865
199.081865
199.081865
199.081865
210.553044
187.610687
199.081865
199.081865
187.610687
210.553044
199.081865
199.081865
199.081865
199.081865
199.081865
187.610687
176.139508
164.668329
153.197151
141.725972
153.197151
153.197151
141.725972
133.122588
133.122588
141.725972
133.122588
115.915820
104.444641
98.709052
98.709052
98.709052
92.973463
81.502284
81.502284
70.031105
75.766695
75.766695
64.295516
64.295516
70.031105
64.295516
64.295516
47.088748
28.448083
31.315877
19.844699
-3.097659
-5.965453
-23.172221
-31.775605
-17.436632
-34.643400
-70.490833
-76.226423
-81.962012
-76.226423
-76.226423
-93.433191
-104.904369
-99.168780
-104.904369
-116.375548
-127.846727
-142.185700
-153.656879
-153.656879
-142.185700
-153.656879
-153.656879
-165.128057
-176.599236
-176.599236
-165.128057
-165.128057
-176.599236
-165.128057
-165.128057
-165.128057
-165.128057
-165.128057
-153.656879
-153.656879
-153.656879
-153.656879
-165.128057
-176.599236
-165.128057
-133.582316
-142.185700
-153.656879
-122.111137
-110.639959
-116.375548
-122.111137
-142.185700
-142.185700
-122.111137
-127.846727
-127.846727
-110.639959
-142.185700
-142.185700
-116.375548
-104.904369
-116.375548
-104.904369
-93.433191
-104.904369
-116.375548
-99.168780
-104.904369
-110.639959
-87.697601
-70.490833
-53.284065
-47.548476
-47.548476
-28.907811
-31.775605
-28.907811
-11.701043
-5.965453
5.505725
8.373520
5.505725
25.580288
37.051467
39.919261
47.088748
52.824337
52.824337
58.559927
58.559927
70.031105
75.766695
75.766695
70.031105
70.031105
75.766695
70.031105
75.766695
75.766695
58.559927
64.295516
70.031105
70.031105
58.559927
70.031105
92.973463
87.237873
98.709052
98.709052
87.237873
104.444641
127.386999
121.651409
127.386999
153.197151
153.197151
153.197151
153.197151
164.668329
153.197151
153.197151
153.197151
153.197151
153.197151
127.386999
133.122588
141.725972
141.725972
127.386999
115.915820
121.651409
127.386999
121.651409
127.386999
133.122588
115.915820
115.915820
98.709052
81.502284
92.973463
92.973463
81.502284
92.973463
70.031105
75.766695
104.444641
81.502284
64.295516
58.559927
52.824337
47.088748
42.787056
47.088748
52.824337
39.919261
39.919261
37.051467
28.448083
28.448083
16.976904
5.505725
5.505725
5.505725
8.373520
-8.833248
-17.436632
-8.833248
2.637931
-0.229864
-23.172221
-28.907811
-40.378989
-59.019655
-64.755244
-70.490833
-76.226423
-81.962012
-93.433191
-87.697601
-99.168780
-116.375548
-110.639959
-122.111137
-122.111137
-122.111137
-133.582316
-116.375548
-110.639959
-133.582316
-133.582316
-127.846727
-142.185700
-142.185700
-122.111137
-122.111137
-110.639959
-81.962012
-93.433191
-116.375548
-122.111137
-116.375548
-104.904369
-116.375548
-127.846727
-122.111137
-116.375548
-99.168780
-93.433191
-99.168780
-110.639959
-104.904369
-87.697601
-87.697601
-99.168780
-93.433191
-93.433191
-93.433191
-81.962012
-81.962012
-87.697601
-81.962012
-76.226423
-53.284065
-43.246784
-47.548476
-53.284065
-59.019655
-53.284065
-53.284065
-47.548476
-28.907811
-37.511195
-53.284065
-28.907811
-14.568837
-14.568837
2.637931
2.637931
-0.229864
2.637931
11.241315
19.844699
19.844699
19.844699
28.448083
39.919261
47.088748
52.824337
58.559927
47.088748
37.051467
47.088748
39.919261
34.183672
47.088748
42.787056
47.088748
75.766695
81.502284
81.502284
98.709052
81.502284
64.295516
64.295516
64.295516
75.766695
75.766695
81.502284
87.237873
104.444641
127.386999
121.651409
110.180231
110.180231
87.237873
81.502284
92.973463
98.709052
98.709052
110.180231
104.444641
92.973463
81.502284
81.502284
87.237873
81.502284
92.973463
104.444641
92.973463
87.237873
92.973463
87.237873
75.766695
75.766695
81.502284
87.237873
81.502284
64.295516
52.824337
58.559927
52.824337
42.787056
47.088748
28.448083
22.712493
28.448083
14.109109
11.241315
8.373520
-0.229864
-0.229864
-3.097659
-3.097659
14.109109
11.241315
-0.229864
2.637931
5.505725
-0.229864
-3.097659
-8.833248
-3.097659
-5.965453
-11.701043
-3.097659
-14.568837
-28.907811
-23.172221
-28.907811
-40.378989
-34.643400
-34.643400
-47.548476
-53.284065
-53.284065
-40.378989
-47.548476
-64.755244
-53.284065
-59.019655
-64.755244
-70.490833
-64.755244
-53.284065
-47.548476
-53.284065
-53.284065
-59.019655
-64.755244
-76.226423
-70.490833
-64.755244
-70.490833
-87.697601
-87.697601
-76.226423
-81.962012
-104.904369
-93.433191
-76.226423
-81.962012
-81.962012
-76.226423
-76.226423
-70.490833
-70.490833
-59.019655
-47.548476
-43.246784
-47.548476
-40.378989
-28.907811
-26.040016
-17.436632
-3.097659
-0.229864
-8.833248
-14.568837
-20.304427
-20.304427
-17.436632
-34.643400
-53.284065
-34.643400
-20.304427
-23.172221
-14.568837
-8.833248
-20.304427
-17.436632
-5.965453
-8.833248
-11.701043
-5.965453
-5.965453
-0.229864
5.505725
-0.229864
2.637931
14.109109
8.373520
-8.833248
-3.097659
-0.229864
-23.172221
-17.436632
-0.229864
-5.965453
-0.229864
11.241315
11.241315
14.109109
11.241315
-3.097659
2.637931
5.505725
11.241315
22.712493
19.844699
34.183672
37.051467
16.976904
28.448083
39.919261
28.448083
39.919261
47.088748
39.919261
25.580288
11.241315
14.109109
19.844699
19.844699
39.919261
28.448083
22.712493
19.844699
11.241315
22.712493
25.580288
28.448083
34.183672
25.580288
37.051467
52.824337
52.824337
42.787056
47.088748
47.088748
47.088748
64.295516
75.766695
70.031105
58.559927
58.559927
52.824337
52.824337
52.824337
47.088748
31.315877
16.976904
25.580288
22.712493
11.241315
16.976904
14.109109
-0.229864
-5.965453
-0.229864
11.241315
19.844699
16.976904
11.241315
5.505725
-0.229864
-0.229864
8.373520
19.844699
11.241315
-0.229864
5.505725
2.637931
-0.229864
19.844699
25.580288
16.976904
16.976904
8.373520
14.109109
22.712493
8.373520
2.637931
5.505725
14.109109
28.448083
34.183672
16.976904
14.109109
19.844699
5.505725
5.505725
2.637931
-0.229864
-17.436632
-26.040016
-11.701043
-17.436632
-28.907811
-17.436632
-17.436632
-34.643400
-37.511195
-31.775605
-37.511195
-43.246784
-31.775605
-43.246784
-53.284065
-43.246784
-31.775605
-20.304427
-31.775605
-34.643400
-11.701043
-14.568837
-20.304427
-17.436632
-23.172221
-28.907811
-20.304427
-3.097659
-5.965453
-11.701043
-11.701043
-23.172221
-23.172221
-8.833248
-14.568837
-37.511195
-26.040016
-17.436632
-37.511195
-47.548476
-37.511195
-23.172221
-20.304427
-23.172221
-17.436632
-20.304427
-23.172221
-17.436632
-17.436632
-23.172221
-28.907811
-31.775605
-20.304427
-14.568837
-26.040016
-40.378989
-34.643400
-43.246784
-53.284065
-40.378989
-31.775605
-34.643400
-37.511195
-47.548476
-34.643400
-8.833248
-14.568837
-14.568837
-11.701043
-14.568837
-5.965453
2.637931
