66.445023 34.0 
69.658836 30.0 
64.251068 26.0 
86.785652 31.0 
64.750465 26.0 
71.463028 36.0 
62.017021 26.0 
56.639740 31.0 
93.789925 30.0 
72.230217 28.0 
71.460007 28.0 
99.086853 17.0 
111.011688 30.0 
83.125526 24.0 
89.162819 27.0 
59.959549 31.0 
66.596634 35.0 
83.677185 33.0 
61.924492 22.0 
60.506313 26.0 
54.455585 30.0 
79.037888 29.0 
85.620811 30.0 
86.299728 21.0 
98.133270 26.0 
51.070091 27.0 
56.925278 35.0 
114.978867 25.0 
430.634857 17.0 
986.744507 1.0 
6554.504395 2.0 
41016.953125 3.0 
6012.041992 5.0 
57472.875000 2.0 
58742.964844 5.0 
53599.675781 3.0 
141803.406250 4.0 
59174.875000 4.0 
137953.296875 3.0 
168542.437500 4.0 
44407.105469 4.0 
228741.781250 3.0 
119109.796875 5.0 
143311.843750 5.0 
250113.812500 3.0 
40175.460938 5.0 
249457.359375 3.0 
217415.203125 4.0 
139314.703125 2.0 
1271552.375000 4.0 
1865650.250000 4.0 
671213.625000 4.0 
2974522.000000 5.0 
2456151.750000 6.0 
904620.375000 7.0 
3040298.000000 6.0 
1152916.750000 7.0 
2394189.750000 6.0 
2463575.250000 5.0 
756635.375000 4.0 
3016379.250000 4.0 
2266580.750000 6.0 
681841.187500 5.0 
2731544.250000 5.0 
2057953.875000 6.0 
594491.000000 4.0 
2315961.000000 5.0 
1819184.000000 8.0 
572249.187500 4.0 
1880812.375000 3.0 
952193.937500 7.0 
1020018.812500 4.0 
1341608.375000 3.0 
250232.578125 5.0 
1384581.125000 1.0 
1019887.937500 2.0 
236454.796875 1.0 
984862.812500 1.0 
695298.187500 2.0 
206682.921875 1.0 
678500.812500 1.0 
386506.250000 2.0 
184198.187500 1.0 
389851.187500 1.0 
141958.734375 1.0 
214133.875000 2.0 
175313.875000 1.0 
92120.812500 1.0 
146252.234375 1.0 
83299.539063 2.0 
67619.835938 1.0 
99618.078125 1.0 
47584.300781 2.0 
46340.433594 1.0 
44135.996094 3.0 
24524.117188 1.0 
23947.062500 2.0 
17422.099609 1.0 
16992.212891 3.0 
12094.090820 1.0 
4632.492676 4.0 
4074.633789 1.0 
1651.521606 5.0 
1306.178101 9.0 
303.316437 15.0 
316.180023 14.0 
282.894623 10.0 
190.660172 14.0 
223.566223 19.0 
137.858414 28.0 
197.627319 12.0 
147.601089 13.0 
118.788681 33.0 
80.851837 24.0 
101.414688 29.0 
60.869839 24.0 
65.563286 31.0 
77.823730 32.0 
76.591888 33.0 
85.536766 30.0 
107.009285 21.0 
150.880707 31.0 
155.132645 24.0 
82.597565 30.0 
101.190628 30.0 
118.747917 34.0 
93.506744 28.0 
75.343636 19.0 
