-4.072044
-12.192222
-0.011954
-4.072044
-28.432580
-24.372490
-0.011954
-4.072044
-4.072044
12.168314
12.168314
20.288492
24.348582
24.348582
16.228403
8.108224
20.288492
40.588939
48.709118
36.528850
32.468760
32.468760
32.468760
20.288492
36.528850
52.769207
28.408671
28.408671
24.348582
-0.011954
4.048135
16.228403
16.228403
12.168314
-8.132133
-16.252312
4.048135
-4.072044
-20.312401
-24.372490
-16.252312
-8.132133
-8.132133
-12.192222
-16.252312
-4.072044
4.048135
4.048135
-4.072044
-4.072044
-16.252312
-28.432580
-16.252312
-12.192222
4.048135
16.228403
-0.011954
-8.132133
-0.011954
4.048135
12.168314
-8.132133
-24.372490
-0.011954
8.108224
20.288492
40.588939
36.528850
40.588939
48.709118
56.829296
48.709118
44.649028
66.979520
60.889386
40.588939
40.588939
52.769207
66.979520
52.769207
44.649028
66.979520
56.829296
24.348582
32.468760
66.979520
66.979520
36.528850
40.588939
52.769207
52.769207
44.649028
40.588939
40.588939
36.528850
28.408671
28.408671
8.108224
20.288492
36.528850
20.288492
28.408671
36.528850
48.709118
32.468760
12.168314
44.649028
28.408671
-0.011954
28.408671
16.228403
-12.192222
-16.252312
-8.132133
-16.252312
-36.552758
-44.672937
-52.793115
-67.003428
-52.793115
-52.793115
-67.003428
-67.003428
-75.123607
-75.123607
-67.003428
-75.123607
-83.243785
-83.243785
-99.484143
-115.724500
-99.484143
-91.363964
-99.484143
-99.484143
-91.363964
-107.604321
-131.964857
-131.964857
-123.844679
-131.964857
-156.325393
-148.205215
-140.085036
-140.085036
-123.844679
-123.844679
-140.085036
-115.724500
-99.484143
-107.604321
-99.484143
-75.123607
-44.672937
-32.492669
-32.492669
-32.492669
-28.432580
-32.492669
-24.372490
-4.072044
-0.011954
-0.011954
-0.011954
-0.011954
-0.011954
12.168314
20.288492
28.408671
44.649028
40.588939
48.709118
40.588939
24.348582
40.588939
52.769207
44.649028
52.769207
48.709118
40.588939
52.769207
66.979520
48.709118
52.769207
48.709118
36.528850
40.588939
32.468760
32.468760
36.528850
24.348582
40.588939
48.709118
28.408671
24.348582
32.468760
40.588939
32.468760
32.468760
36.528850
24.348582
28.408671
32.468760
40.588939
75.099698
75.099698
75.099698
99.460234
123.820770
140.061127
172.541842
188.782199
217.202824
249.683539
265.923896
282.164254
265.923896
265.923896
298.404611
298.404611
298.404611
298.404611
298.404611
298.404611
265.923896
249.683539
265.923896
233.443182
188.782199
172.541842
156.301485
123.820770
83.219877
48.709118
24.348582
32.468760
28.408671
-12.192222
-12.192222
-36.552758
-91.363964
-107.604321
-115.724500
-131.964857
-131.964857
-164.445572
-200.986376
-233.467090
-200.986376
-200.986376
-233.467090
-233.467090
-249.707448
-265.947805
-282.188162
-298.428519
-265.947805
-265.947805
-265.947805
-265.947805
-282.188162
-265.947805
-249.707448
-233.467090
-217.226733
-217.226733
-217.226733
-200.986376
-188.806108
-156.325393
-123.844679
-115.724500
-115.724500
-91.363964
-91.363964
-99.484143
-107.604321
-99.484143
-83.243785
-83.243785
-60.913294
-52.793115
-60.913294
-40.612848
-28.432580
-52.793115
-75.123607
-75.123607
-60.913294
-67.003428
-83.243785
-83.243785
-75.123607
-52.793115
-40.612848
-40.612848
-36.552758
-28.432580
-24.372490
-44.672937
-40.612848
-16.252312
-28.432580
-52.793115
-40.612848
-24.372490
-24.372490
-24.372490
-24.372490
-16.252312
-12.192222
-28.432580
-40.612848
-40.612848
-44.672937
-28.432580
-24.372490
-16.252312
-0.011954
24.348582
24.348582
8.108224
8.108224
28.408671
36.528850
48.709118
52.769207
48.709118
66.979520
75.099698
91.340055
115.700591
123.820770
99.460234
99.460234
91.340055
83.219877
66.979520
66.979520
75.099698
75.099698
83.219877
66.979520
36.528850
56.829296
75.099698
66.979520
52.769207
44.649028
56.829296
75.099698
83.219877
99.460234
107.580413
148.181306
200.962467
233.443182
233.443182
265.923896
282.164254
265.923896
298.404611
347.125683
379.606397
428.327469
444.567826
444.567826
468.928362
501.409077
501.409077
468.928362
468.928362
468.928362
444.567826
428.327469
444.567826
444.567826
412.087112
379.606397
347.125683
330.885325
298.404611
249.683539
217.202824
140.061127
91.340055
66.979520
28.408671
-0.011954
-24.372490
-91.363964
-148.205215
-172.565750
-200.986376
-249.707448
-282.188162
-314.668877
-363.389949
-379.630306
-412.111020
-428.351378
-444.591735
-444.591735
-444.591735
-428.351378
-444.591735
-468.952271
-468.952271
-468.952271
-468.952271
-444.591735
-395.870663
-395.870663
-395.870663
-347.149591
-330.909234
-347.149591
-347.149591
-330.909234
-314.668877
-298.428519
-282.188162
-282.188162
-265.947805
-217.226733
-217.226733
-217.226733
-180.685929
-164.445572
-156.325393
-148.205215
-148.205215
-140.085036
-107.604321
-56.853205
-28.432580
-20.312401
-0.011954
16.228403
12.168314
16.228403
48.709118
83.219877
75.099698
56.829296
52.769207
66.979520
75.099698
60.889386
56.829296
56.829296
75.099698
66.979520
16.228403
8.108224
12.168314
-20.312401
-40.612848
-44.672937
-48.733026
-24.372490
-56.853205
-91.363964
-48.733026
-48.733026
-75.123607
-83.243785
-83.243785
-91.363964
-99.484143
-115.724500
-115.724500
-91.363964
-91.363964
-75.123607
-60.913294
-60.913294
-36.552758
-20.312401
-44.672937
-40.612848
-4.072044
-0.011954
-16.252312
-0.011954
12.168314
32.468760
40.588939
20.288492
36.528850
56.829296
66.979520
48.709118
32.468760
36.528850
52.769207
75.099698
75.099698
83.219877
99.460234
91.340055
107.580413
115.700591
115.700591
123.820770
148.181306
156.301485
164.421663
233.443182
265.923896
282.164254
298.404611
347.125683
379.606397
428.327469
468.928362
501.409077
566.370506
598.851221
598.851221
631.331935
663.812650
696.293364
728.774079
728.774079
761.254794
728.774079
696.293364
696.293364
631.331935
631.331935
631.331935
566.370506
501.409077
428.327469
379.606397
314.644968
265.923896
233.443182
156.301485
66.979520
-4.072044
-83.243785
-140.085036
-172.565750
-188.806108
-249.707448
-298.428519
-347.149591
-379.630306
-395.870663
-428.351378
-468.952271
-501.432986
-501.432986
-501.432986
-533.913700
-566.394415
-533.913700
-533.913700
-533.913700
-533.913700
-533.913700
-533.913700
-566.394415
-566.394415
-566.394415
-566.394415
-501.432986
-501.432986
-533.913700
-501.432986
-501.432986
-468.952271
-444.591735
-444.591735
-428.351378
-412.111020
-395.870663
-347.149591
-314.668877
-282.188162
-265.947805
-217.226733
-200.986376
-180.685929
-123.844679
-99.484143
-75.123607
-56.853205
-40.612848
-16.252312
8.108224
20.288492
32.468760
36.528850
28.408671
48.709118
52.769207
44.649028
60.889386
48.709118
32.468760
75.099698
91.340055
66.979520
66.979520
56.829296
32.468760
24.348582
52.769207
36.528850
-0.011954
-0.011954
-20.312401
-52.793115
-67.003428
-75.123607
-56.853205
-56.853205
-75.123607
-75.123607
-56.853205
-83.243785
-107.604321
-83.243785
-67.003428
-40.612848
-28.432580
-32.492669
-28.432580
-8.132133
-0.011954
-4.072044
24.348582
24.348582
24.348582
48.709118
40.588939
52.769207
60.889386
52.769207
83.219877
56.829296
24.348582
66.979520
66.979520
8.108224
16.228403
16.228403
-28.432580
-32.492669
-24.372490
-28.432580
-0.011954
8.108224
-8.132133
36.528850
66.979520
52.769207
91.340055
99.460234
131.940949
233.443182
282.164254
314.644968
395.846755
468.928362
501.409077
598.851221
696.293364
696.293364
728.774079
826.216223
826.216223
891.177652
923.658366
956.139081
1004.860153
1004.860153
956.139081
956.139081
956.139081
923.658366
891.177652
826.216223
761.254794
761.254794
663.812650
598.851221
566.370506
468.928362
347.125683
282.164254
233.443182
91.340055
-4.072044
-67.003428
-131.964857
-172.565750
-249.707448
-363.389949
-428.351378
-468.952271
-501.432986
-566.394415
-598.875129
-663.836558
-696.317273
-728.797988
-761.278702
-761.278702
-761.278702
-793.759417
-793.759417
-793.759417
-826.240131
-826.240131
-793.759417
-793.759417
-761.278702
-761.278702
-761.278702
-728.797988
-696.317273
-663.836558
-663.836558
-631.355844
-598.875129
-501.432986
-501.432986
-468.952271
-412.111020
-412.111020
-379.630306
-282.188162
-249.707448
-217.226733
-172.565750
-156.325393
-131.964857
-91.363964
-32.492669
-16.252312
-24.372490
-0.011954
40.588939
75.099698
91.340055
91.340055
107.580413
131.940949
131.940949
140.061127
140.061127
115.700591
123.820770
107.580413
107.580413
140.061127
123.820770
75.099698
66.979520
75.099698
66.979520
56.829296
16.228403
4.048135
4.048135
-16.252312
-0.011954
12.168314
-4.072044
-16.252312
-4.072044
-16.252312
-52.793115
-44.672937
-32.492669
-48.733026
-32.492669
-24.372490
-44.672937
-24.372490
-16.252312
-32.492669
-20.312401
-4.072044
-12.192222
-16.252312
-4.072044
12.168314
16.228403
12.168314
40.588939
66.979520
66.979520
60.889386
66.979520
83.219877
91.340055
91.340055
91.340055
66.979520
60.889386
48.709118
56.829296
75.099698
56.829296
56.829296
60.889386
40.588939
32.468760
44.649028
40.588939
75.099698
115.700591
99.460234
148.181306
188.782199
217.202824
282.164254
330.885325
395.846755
444.567826
501.409077
566.370506
631.331935
696.293364
793.735508
826.216223
858.696937
891.177652
923.658366
956.139081
1004.860153
1004.860153
1004.860153
956.139081
956.139081
956.139081
891.177652
826.216223
793.735508
728.774079
663.812650
598.851221
501.409077
412.087112
330.885325
233.443182
156.301485
66.979520
-16.252312
-107.604321
-200.986376
-265.947805
-347.149591
-428.351378
-501.432986
-566.394415
-598.875129
-631.355844
-728.797988
-761.278702
-793.759417
-793.759417
-826.240131
-858.720846
-923.682275
-923.682275
-923.682275
-923.682275
-923.682275
-891.201560
-891.201560
-891.201560
-858.720846
-793.759417
-793.759417
-761.278702
-696.317273
-696.317273
-696.317273
-631.355844
-566.394415
-501.432986
-468.952271
-412.111020
-379.630306
-347.149591
-298.428519
-249.707448
-233.467090
-200.986376
-164.445572
-131.964857
-99.484143
-48.733026
-12.192222
-40.612848
-32.492669
12.168314
28.408671
40.588939
32.468760
16.228403
40.588939
83.219877
91.340055
91.340055
115.700591
123.820770
107.580413
115.700591
115.700591
107.580413
123.820770
107.580413
99.460234
107.580413
107.580413
123.820770
123.820770
99.460234
66.979520
56.829296
60.889386
52.769207
24.348582
-8.132133
-12.192222
-0.011954
-12.192222
-24.372490
-44.672937
-56.853205
-52.793115
-40.612848
-24.372490
-36.552758
-28.432580
-12.192222
-12.192222
-0.011954
4.048135
32.468760
60.889386
48.709118
75.099698
115.700591
99.460234
99.460234
99.460234
99.460234
99.460234
91.340055
83.219877
91.340055
75.099698
66.979520
52.769207
28.408671
-0.011954
4.048135
12.168314
-32.492669
-44.672937
-28.432580
-8.132133
4.048135
-0.011954
28.408671
75.099698
91.340055
140.061127
200.962467
249.683539
314.644968
395.846755
468.928362
533.889792
598.851221
696.293364
761.254794
793.735508
858.696937
923.658366
1004.860153
1004.860153
1069.821582
1069.821582
1134.783011
1134.783011
1134.783011
1134.783011
1069.821582
1069.821582
1004.860153
956.139081
858.696937
793.735508
728.774079
598.851221
501.409077
468.928362
363.366040
249.683539
131.940949
40.588939
-44.672937
-156.325393
-265.947805
-347.149591
-444.591735
-533.913700
-631.355844
-696.317273
-761.278702
-826.240131
-858.720846
-891.201560
-956.162990
-1004.884061
-1004.884061
-1004.884061
-1004.884061
-1004.884061
-1004.884061
-1004.884061
-956.162990
-956.162990
-956.162990
-891.201560
-858.720846
-826.240131
-761.278702
-761.278702
-696.317273
-631.355844
-598.875129
-566.394415
-501.432986
-428.351378
-428.351378
-395.870663
-347.149591
-330.909234
-282.188162
-233.467090
-200.986376
-148.205215
-107.604321
-75.123607
-48.733026
-36.552758
-20.312401
24.348582
48.709118
36.528850
56.829296
99.460234
91.340055
91.340055
115.700591
131.940949
140.061127
156.301485
148.181306
123.820770
131.940949
131.940949
107.580413
99.460234
75.099698
32.468760
12.168314
-4.072044
-4.072044
-24.372490
-67.003428
-83.243785
-91.363964
-99.484143
-115.724500
-140.085036
-148.205215
-172.565750
-188.806108
-200.986376
-180.685929
-180.685929
-188.806108
-172.565750
-140.085036
-115.724500
-91.363964
-75.123607
-40.612848
-16.252312
-4.072044
32.468760
60.889386
83.219877
115.700591
148.181306
164.421663
188.782199
217.202824
233.443182
249.683539
249.683539
249.683539
233.443182
249.683539
233.443182
188.782199
188.782199
200.962467
180.662021
156.301485
140.061127
123.820770
123.820770
123.820770
115.700591
123.820770
107.580413
115.700591
148.181306
180.662021
217.202824
217.202824
249.683539
298.404611
330.885325
395.846755
444.567826
533.889792
598.851221
663.812650
761.254794
793.735508
826.216223
923.658366
956.139081
1004.860153
1004.860153
1069.821582
1069.821582
1069.821582
1069.821582
1069.821582
1004.860153
1004.860153
1004.860153
923.658366
891.177652
793.735508
663.812650
598.851221
501.409077
412.087112
298.404611
172.541842
91.340055
-12.192222
-140.085036
-233.467090
-298.428519
-395.870663
-501.432986
-631.355844
-696.317273
-761.278702
-858.720846
-923.682275
-956.162990
-1004.884061
-1004.884061
-1069.845491
-1069.845491
-1069.845491
-1069.845491
-1069.845491
-1069.845491
-1069.845491
-1004.884061
-1004.884061
-1004.884061
-956.162990
-923.682275
-891.201560
-826.240131
-793.759417
-761.278702
-696.317273
-663.836558
-631.355844
-566.394415
-501.432986
-444.591735
-412.111020
-363.389949
-282.188162
-233.467090
-217.226733
-172.565750
-131.964857
-83.243785
-28.432580
-0.011954
44.649028
75.099698
75.099698
123.820770
172.541842
172.541842
172.541842
200.962467
217.202824
188.782199
200.962467
217.202824
200.962467
200.962467
180.662021
164.421663
180.662021
164.421663
131.940949
107.580413
91.340055
75.099698
66.979520
44.649028
28.408671
20.288492
-28.432580
-56.853205
-52.793115
-75.123607
-99.484143
-91.363964
-91.363964
-115.724500
-123.844679
-131.964857
-148.205215
-131.964857
-140.085036
-140.085036
-123.844679
-131.964857
-131.964857
-91.363964
-67.003428
-44.672937
-16.252312
-4.072044
12.168314
24.348582
12.168314
20.288492
44.649028
60.889386
83.219877
99.460234
99.460234
83.219877
115.700591
131.940949
115.700591
107.580413
107.580413
83.219877
66.979520
60.889386
36.528850
60.889386
91.340055
75.099698
83.219877
99.460234
107.580413
123.820770
140.061127
156.301485
200.962467
200.962467
217.202824
314.644968
330.885325
330.885325
444.567826
501.409077
533.889792
598.851221
663.812650
728.774079
793.735508
858.696937
891.177652
956.139081
1004.860153
1004.860153
1069.821582
1069.821582
1069.821582
1069.821582
1134.783011
1069.821582
1069.821582
1004.860153
956.139081
923.658366
891.177652
761.254794
696.293364
631.331935
533.889792
428.327469
330.885325
265.923896
148.181306
36.528850
-60.913294
-156.325393
-265.947805
-363.389949
-428.351378
-501.432986
-598.875129
-696.317273
-728.797988
-793.759417
-858.720846
-891.201560
-956.162990
-956.162990
-1004.884061
-1069.845491
-1069.845491
-1004.884061
-1069.845491
-1069.845491
-1004.884061
-1004.884061
-1004.884061
-1004.884061
-1004.884061
-956.162990
-923.682275
-858.720846
-793.759417
-761.278702
-728.797988
-696.317273
-631.355844
-598.875129
-566.394415
-468.952271
-412.111020
-363.389949
-330.909234
-298.428519
-233.467090
-164.445572
-140.085036
-91.363964
-40.612848
-20.312401
24.348582
48.709118
52.769207
99.460234
115.700591
131.940949
148.181306
148.181306
131.940949
115.700591
107.580413
99.460234
83.219877
91.340055
91.340055
66.979520
24.348582
-4.072044
-28.432580
-16.252312
-28.432580
-67.003428
-60.913294
-91.363964
-123.844679
-107.604321
-107.604321
-131.964857
-131.964857
-123.844679
-131.964857
-123.844679
-123.844679
-131.964857
-115.724500
-107.604321
-83.243785
-52.793115
-44.672937
-48.733026
-12.192222
24.348582
4.048135
16.228403
60.889386
75.099698
115.700591
156.301485
148.181306
180.662021
188.782199
180.662021
200.962467
217.202824
217.202824
233.443182
233.443182
249.683539
265.923896
282.164254
282.164254
298.404611
298.404611
282.164254
265.923896
233.443182
233.443182
249.683539
249.683539
233.443182
249.683539
233.443182
233.443182
233.443182
217.202824
217.202824
233.443182
249.683539
282.164254
298.404611
314.644968
330.885325
363.366040
412.087112
468.928362
533.889792
566.370506
598.851221
663.812650
728.774079
793.735508
826.216223
826.216223
891.177652
923.658366
923.658366
956.139081
1004.860153
956.139081
956.139081
956.139081
923.658366
891.177652
858.696937
793.735508
728.774079
663.812650
598.851221
501.409077
444.567826
347.125683
249.683539
156.301485
32.468760
-67.003428
-131.964857
-217.226733
-330.909234
-395.870663
-501.432986
-566.394415
-631.355844
-728.797988
-793.759417
-826.240131
-858.720846
-923.682275
-1004.884061
-1004.884061
-1004.884061
-1069.845491
-1069.845491
-1069.845491
-1069.845491
-1069.845491
-1069.845491
-1069.845491
-1069.845491
-1069.845491
-1004.884061
-1004.884061
-956.162990
-923.682275
-858.720846
-826.240131
-761.278702
-728.797988
-696.317273
-631.355844
-566.394415
-501.432986
-444.591735
-395.870663
-314.668877
-282.188162
-233.467090
-156.325393
-140.085036
-115.724500
-40.612848
-0.011954
56.829296
99.460234
107.580413
123.820770
148.181306
164.421663
188.782199
200.962467
180.662021
172.541842
200.962467
217.202824
200.962467
200.962467
200.962467
164.421663
140.061127
107.580413
66.979520
66.979520
75.099698
36.528850
-8.132133
-20.312401
-28.432580
-32.492669
-44.672937
-75.123607
-83.243785
-83.243785
-67.003428
-52.793115
-52.793115
-32.492669
-36.552758
-36.552758
-20.312401
-36.552758
-24.372490
-4.072044
-0.011954
12.168314
20.288492
24.348582
60.889386
99.460234
91.340055
99.460234
107.580413
107.580413
131.940949
164.421663
172.541842
172.541842
188.782199
217.202824
233.443182
233.443182
265.923896
265.923896
249.683539
265.923896
265.923896
265.923896
249.683539
233.443182
233.443182
217.202824
200.962467
172.541842
188.782199
188.782199
156.301485
156.301485
164.421663
156.301485
172.541842
180.662021
188.782199
188.782199
200.962467
233.443182
249.683539
298.404611
330.885325
379.606397
428.327469
468.928362
533.889792
566.370506
631.331935
696.293364
761.254794
793.735508
826.216223
891.177652
923.658366
923.658366
956.139081
956.139081
956.139081
956.139081
956.139081
891.177652
858.696937
858.696937
793.735508
728.774079
631.331935
566.370506
468.928362
363.366040
249.683539
140.061127
60.889386
-20.312401
-115.724500
-200.986376
-314.668877
-395.870663
-468.952271
-533.913700
-598.875129
-696.317273
-761.278702
-826.240131
-858.720846
-891.201560
-956.162990
-1004.884061
-1004.884061
-1004.884061
-1069.845491
-1069.845491
-1069.845491
-1069.845491
-1069.845491
-1069.845491
-1004.884061
-1004.884061
-956.162990
-923.682275
-891.201560
-891.201560
-858.720846
-826.240131
-761.278702
-696.317273
-631.355844
-598.875129
-566.394415
-468.952271
-428.351378
-379.630306
-330.909234
-282.188162
-233.467090
-172.565750
-131.964857
-107.604321
-75.123607
-28.432580
-12.192222
24.348582
36.528850
20.288492
56.829296
91.340055
99.460234
115.700591
115.700591
115.700591
115.700591
123.820770
131.940949
107.580413
115.700591
140.061127
123.820770
115.700591
115.700591
83.219877
99.460234
66.979520
40.588939
56.829296
20.288492
-16.252312
-8.132133
-20.312401
-48.733026
-44.672937
-52.793115
-52.793115
-44.672937
-75.123607
-107.604321
-99.484143
-99.484143
-107.604321
-75.123607
-40.612848
-40.612848
-28.432580
-0.011954
44.649028
48.709118
40.588939
66.979520
75.099698
107.580413
131.940949
140.061127
164.421663
188.782199
200.962467
217.202824
249.683539
249.683539
249.683539
265.923896
282.164254
282.164254
282.164254
298.404611
282.164254
265.923896
249.683539
233.443182
217.202824
200.962467
180.662021
164.421663
156.301485
156.301485
156.301485
123.820770
131.940949
172.541842
164.421663
148.181306
156.301485
156.301485
188.782199
233.443182
233.443182
249.683539
282.164254
298.404611
363.366040
444.567826
501.409077
533.889792
598.851221
631.331935
696.293364
761.254794
793.735508
826.216223
891.177652
891.177652
923.658366
923.658366
923.658366
956.139081
923.658366
923.658366
923.658366
891.177652
826.216223
793.735508
728.774079
663.812650
566.370506
501.409077
412.087112
298.404611
217.202824
115.700591
8.108224
-75.123607
-180.685929
-265.947805
-363.389949
-444.591735
-533.913700
-598.875129
-696.317273
-761.278702
-826.240131
-858.720846
-923.682275
-1004.884061
-1004.884061
-1069.845491
-1069.845491
-1069.845491
-1069.845491
-1069.845491
-1069.845491
-1069.845491
-1069.845491
-1004.884061
-1004.884061
-1004.884061
-956.162990
-923.682275
-858.720846
-826.240131
-761.278702
-728.797988
-663.836558
-598.875129
-566.394415
-501.432986
-444.591735
-395.870663
-330.909234
-282.188162
-249.707448
-200.986376
-164.445572
-131.964857
-99.484143
-75.123607
-36.552758
-0.011954
-0.011954
8.108224
44.649028
60.889386
83.219877
99.460234
99.460234
91.340055
75.099698
83.219877
75.099698
75.099698
83.219877
75.099698
66.979520
75.099698
66.979520
60.889386
66.979520
44.649028
75.099698
83.219877
40.588939
48.709118
24.348582
-0.011954
28.408671
8.108224
12.168314
12.168314
-28.432580
-16.252312
-16.252312
-20.312401
-0.011954
-16.252312
-0.011954
4.048135
-12.192222
4.048135
-8.132133
-20.312401
8.108224
4.048135
24.348582
66.979520
75.099698
107.580413
156.301485
164.421663
188.782199
217.202824
233.443182
249.683539
265.923896
265.923896
282.164254
298.404611
314.644968
298.404611
314.644968
347.125683
330.885325
314.644968
298.404611
265.923896
265.923896
249.683539
217.202824
217.202824
200.962467
164.421663
148.181306
140.061127
115.700591
83.219877
75.099698
91.340055
99.460234
156.301485
180.662021
164.421663
217.202824
249.683539
265.923896
330.885325
347.125683
379.606397
428.327469
501.409077
533.889792
598.851221
631.331935
696.293364
761.254794
858.696937
891.177652
891.177652
891.177652
923.658366
923.658366
923.658366
891.177652
858.696937
858.696937
826.216223
793.735508
728.774079
631.331935
566.370506
501.409077
428.327469
347.125683
249.683539
180.662021
83.219877
-12.192222
-75.123607
-164.445572
-282.188162
-395.870663
-501.432986
-566.394415
-631.355844
-728.797988
-793.759417
-858.720846
-891.201560
-923.682275
-956.162990
-1004.884061
-1069.845491
-1069.845491
-1069.845491
-1069.845491
-1069.845491
-1134.806920
-1134.806920
-1069.845491
-1069.845491
-1004.884061
-956.162990
-891.201560
-858.720846
-826.240131
-761.278702
-728.797988
-696.317273
-631.355844
-566.394415
-501.432986
-444.591735
-395.870663
-330.909234
-249.707448
-217.226733
-200.986376
-156.325393
-107.604321
-91.363964
-75.123607
-32.492669
4.048135
44.649028
75.099698
91.340055
107.580413
99.460234
99.460234
123.820770
107.580413
75.099698
83.219877
99.460234
91.340055
66.979520
83.219877
107.580413
99.460234
99.460234
99.460234
66.979520
48.709118
66.979520
52.769207
24.348582
4.048135
-0.011954
-0.011954
-0.011954
-12.192222
-28.432580
-44.672937
-36.552758
-52.793115
-83.243785
-67.003428
-75.123607
-75.123607
-44.672937
-83.243785
-83.243785
-40.612848
-40.612848
-28.432580
-0.011954
-0.011954
-8.132133
8.108224
40.588939
36.528850
66.979520
83.219877
75.099698
131.940949
164.421663
131.940949
140.061127
164.421663
148.181306
140.061127
172.541842
180.662021
172.541842
188.782199
200.962467
200.962467
188.782199
200.962467
217.202824
180.662021
156.301485
131.940949
140.061127
156.301485
107.580413
115.700591
148.181306
131.940949
156.301485
164.421663
164.421663
188.782199
217.202824
265.923896
282.164254
314.644968
395.846755
444.567826
533.889792
598.851221
631.331935
696.293364
761.254794
826.216223
891.177652
956.139081
1004.860153
1004.860153
1069.821582
1134.783011
1069.821582
1134.783011
1134.783011
1134.783011
1069.821582
1069.821582
1004.860153
956.139081
891.177652
826.216223
728.774079
663.812650
566.370506
444.567826
330.885325
265.923896
156.301485
48.709118
-28.432580
-131.964857
-233.467090
-330.909234
-428.351378
-533.913700
-631.355844
-696.317273
-728.797988
-826.240131
-891.201560
-956.162990
-1004.884061
-1069.845491
-1069.845491
-1069.845491
-1134.806920
-1134.806920
-1134.806920
-1134.806920
-1134.806920
-1134.806920
-1199.768349
-1134.806920
-1134.806920
-1134.806920
-1069.845491
-1069.845491
-1004.884061
-956.162990
-891.201560
-826.240131
-793.759417
-728.797988
-663.836558
-631.355844
-566.394415
-468.952271
-428.351378
-363.389949
-314.668877
-298.428519
-282.188162
-200.986376
-172.565750
-156.325393
-83.243785
-24.372490
-4.072044
40.588939
83.219877
91.340055
107.580413
148.181306
131.940949
107.580413
148.181306
156.301485
140.061127
164.421663
180.662021
180.662021
172.541842
172.541842
180.662021
164.421663
140.061127
99.460234
91.340055
91.340055
56.829296
52.769207
75.099698
48.709118
16.228403
16.228403
16.228403
4.048135
-8.132133
-24.372490
-36.552758
-28.432580
-20.312401
-12.192222
4.048135
28.408671
40.588939
56.829296
115.700591
123.820770
115.700591
164.421663
217.202824
217.202824
217.202824
217.202824
233.443182
233.443182
265.923896
298.404611
298.404611
298.404611
298.404611
282.164254
282.164254
265.923896
265.923896
249.683539
200.962467
148.181306
131.940949
115.700591
56.829296
8.108224
-12.192222
-67.003428
-115.724500
-172.565750
-217.226733
-188.806108
-180.685929
-188.806108
-164.445572
-115.724500
-67.003428
-0.011954
75.099698
140.061127
200.962467
282.164254
379.606397
444.567826
566.370506
761.254794
891.177652
1069.821582
1264.705869
1394.628728
1524.551586
1589.513015
1654.474444
1654.474444
1654.474444
1654.474444
1589.513015
1589.513015
1524.551586
1524.551586
1524.551586
1459.590157
1329.667299
1199.744440
1069.821582
923.658366
728.774079
533.889792
330.885325
131.940949
-56.853205
-217.226733
-363.389949
-468.952271
-533.913700
-598.875129
-696.317273
-793.759417
-858.720846
-1004.884061
-1004.884061
-1069.845491
-1199.768349
-1199.768349
-1199.768349
-1134.806920
-1134.806920
-1134.806920
-1069.845491
-1069.845491
-1069.845491
-1069.845491
-1069.845491
-1069.845491
-1069.845491
-1134.806920
-1069.845491
-1069.845491
-1134.806920
-1069.845491
-1004.884061
-1004.884061
-956.162990
-923.682275
-891.201560
-891.201560
-858.720846
-793.759417
-761.278702
-728.797988
-696.317273
-598.875129
-533.913700
-468.952271
-363.389949
-282.188162
-233.467090
-148.205215
-75.123607
-28.432580
4.048135
44.649028
83.219877
107.580413
115.700591
115.700591
123.820770
107.580413
83.219877
99.460234
99.460234
52.769207
12.168314
-12.192222
-48.733026
-44.672937
-60.913294
-91.363964
-123.844679
-156.325393
-164.445572
-188.806108
-217.226733
-233.467090
-217.226733
-217.226733
-249.707448
-249.707448
-217.226733
-200.986376
-180.685929
-172.565750
-148.205215
-115.724500
-91.363964
-75.123607
-75.123607
-99.484143
-83.243785
-91.363964
-107.604321
-107.604321
-115.724500
-99.484143
-75.123607
-56.853205
-36.552758
-16.252312
-16.252312
-16.252312
-0.011954
8.108224
12.168314
-0.011954
-4.072044
-32.492669
-83.243785
-83.243785
-40.612848
-32.492669
-75.123607
-60.913294
-16.252312
-16.252312
-40.612848
-60.913294
-44.672937
-40.612848
-83.243785
-75.123607
-52.793115
-52.793115
16.228403
123.820770
233.443182
379.606397
533.889792
728.774079
891.177652
1004.860153
1199.744440
1329.667299
1459.590157
1654.474444
1784.397303
1979.281590
2206.646592
2466.492309
2596.415167
2856.260884
2986.183742
3116.106600
3246.029459
3246.029459
3116.106600
3116.106600
2856.260884
2726.338025
2596.415167
2336.569450
2076.723734
1979.281590
1784.397303
1589.513015
1329.667299
1069.821582
826.216223
533.889792
265.923896
4.048135
-330.909234
-566.394415
-728.797988
-858.720846
-956.162990
-1004.884061
-1004.884061
-1069.845491
-1004.884061
-1069.845491
-1069.845491
-1134.806920
-1199.768349
-1264.729778
-1329.691207
-1459.614066
-1524.575495
-1524.575495
-1524.575495
-1524.575495
-1524.575495
-1524.575495
-1589.536924
-1654.498353
-1654.498353
-1784.421211
-1849.382640
-1914.344070
-1979.305499
-2076.747642
-2076.747642
-2076.747642
-1979.305499
-1849.382640
-1784.421211
-1654.498353
-1459.614066
-1394.652636
-1329.691207
-1199.768349
-1069.845491
-1004.884061
-891.201560
-826.240131
-793.759417
-696.317273
-598.875129
-533.913700
-468.952271
-395.870663
-330.909234
-347.149591
-298.428519
-314.668877
-379.630306
-412.111020
-468.952271
-533.913700
-598.875129
-631.355844
-663.836558
-663.836558
-663.836558
-631.355844
-631.355844
-631.355844
-566.394415
-533.913700
-501.432986
-444.591735
-428.351378
-395.870663
-314.668877
-298.428519
-265.947805
-200.986376
-180.685929
-131.964857
-52.793115
-24.372490
-0.011954
20.288492
12.168314
4.048135
-8.132133
-28.432580
-28.432580
-48.733026
-67.003428
-40.612848
-40.612848
-32.492669
24.348582
66.979520
99.460234
148.181306
200.962467
249.683539
314.644968
363.366040
412.087112
428.327469
412.087112
444.567826
501.409077
533.889792
533.889792
533.889792
566.370506
566.370506
533.889792
566.370506
533.889792
444.567826
363.366040
298.404611
200.962467
164.421663
148.181306
131.940949
156.301485
217.202824
330.885325
501.409077
631.331935
793.735508
1004.860153
1199.744440
1329.667299
1524.551586
1654.474444
1849.358732
2076.723734
2206.646592
2466.492309
2726.338025
2986.183742
3246.029459
3505.875175
3765.720892
3895.643750
4025.566608
4025.566608
3895.643750
3635.798034
3505.875175
3116.106600
2856.260884
2596.415167
2206.646592
1979.281590
1654.474444
1394.628728
1199.744440
923.658366
663.812650
395.846755
99.460234
-180.685929
-412.111020
-696.317273
-891.201560
-1069.845491
-1199.768349
-1264.729778
-1264.729778
-1199.768349
-1134.806920
-1134.806920
-1069.845491
-1069.845491
-1069.845491
-1069.845491
-1134.806920
-1329.691207
-1394.652636
-1524.575495
-1654.498353
-1719.459782
-1784.421211
-1849.382640
-1914.344070
-1979.305499
-2076.747642
-2076.747642
-2076.747642
-2206.670501
-2206.670501
-2336.593359
-2336.593359
-2336.593359
-2336.593359
-2336.593359
-2206.670501
-2076.747642
-1914.344070
-1719.459782
-1524.575495
-1329.691207
-1134.806920
-1004.884061
-891.201560
-826.240131
-793.759417
-761.278702
-761.278702
-761.278702
-728.797988
-728.797988
-728.797988
-696.317273
-696.317273
-663.836558
-663.836558
-696.317273
-696.317273
-728.797988
-761.278702
-826.240131
-891.201560
-923.682275
-923.682275
-923.682275
-858.720846
-793.759417
-761.278702
-598.875129
-501.432986
-428.351378
-314.668877
-249.707448
-200.986376
-156.325393
-123.844679
-115.724500
-83.243785
-44.672937
-32.492669
-4.072044
32.468760
48.709118
40.588939
66.979520
99.460234
83.219877
75.099698
60.889386
8.108224
-12.192222
-20.312401
-40.612848
-20.312401
24.348582
83.219877
164.421663
233.443182
314.644968
412.087112
468.928362
533.889792
566.370506
566.370506
598.851221
598.851221
566.370506
533.889792
533.889792
533.889792
566.370506
566.370506
533.889792
533.889792
533.889792
444.567826
395.846755
347.125683
282.164254
200.962467
188.782199
217.202824
282.164254
379.606397
501.409077
663.812650
826.216223
1004.860153
1264.705869
1459.590157
1654.474444
1849.358732
1979.281590
2206.646592
2336.569450
2726.338025
2986.183742
3246.029459
3375.952317
3635.798034
3895.643750
4025.566608
4025.566608
4025.566608
4025.566608
3765.720892
3505.875175
3246.029459
2856.260884
2466.492309
2076.723734
1654.474444
1329.667299
1069.821582
826.216223
598.851221
379.606397
156.301485
8.108224
-172.565750
-363.389949
-533.913700
-761.278702
-923.682275
-1069.845491
-1199.768349
-1264.729778
-1264.729778
-1264.729778
-1264.729778
-1199.768349
-1134.806920
-1069.845491
-1069.845491
-1069.845491
-1134.806920
-1199.768349
-1329.691207
-1459.614066
-1654.498353
-1849.382640
-1979.305499
-2206.670501
-2206.670501
-2336.593359
-2336.593359
-2466.516217
-2466.516217
-2466.516217
-2466.516217
-2466.516217
-2466.516217
-2336.593359
-2336.593359
-2206.670501
-2206.670501
-1979.305499
-1849.382640
-1654.498353
-1459.614066
-1329.691207
-1134.806920
-1004.884061
-826.240131
-728.797988
-663.836558
-631.355844
-598.875129
-598.875129
-663.836558
-696.317273
-728.797988
-761.278702
-761.278702
-793.759417
-793.759417
-793.759417
-793.759417
-826.240131
-793.759417
-728.797988
-761.278702
-728.797988
-631.355844
-631.355844
-566.394415
-468.952271
-412.111020
-347.149591
-265.947805
-164.445572
-67.003428
32.468760
99.460234
188.782199
282.164254
330.885325
314.644968
314.644968
298.404611
249.683539
200.962467
188.782199
123.820770
60.889386
16.228403
-24.372490
-40.612848
-44.672937
-56.853205
-91.363964
-115.724500
-83.243785
-28.432580
12.168314
56.829296
115.700591
180.662021
249.683539
314.644968
379.606397
428.327469
428.327469
468.928362
501.409077
501.409077
533.889792
533.889792
501.409077
468.928362
428.327469
363.366040
314.644968
282.164254
172.541842
115.700591
115.700591
83.219877
91.340055
200.962467
282.164254
347.125683
501.409077
696.293364
891.177652
1069.821582
1199.744440
1459.590157
1654.474444
1784.397303
2076.723734
2206.646592
2596.415167
2856.260884
3246.029459
3505.875175
3765.720892
4025.566608
4220.450896
4220.450896
4220.450896
4220.450896
4025.566608
3635.798034
3375.952317
2986.183742
2466.492309
2076.723734
1654.474444
1199.744440
891.177652
598.851221
347.125683
123.820770
-75.123607
-233.467090
-347.149591
-468.952271
-566.394415
-696.317273
-826.240131
-923.682275
-1004.884061
-1134.806920
-1134.806920
-1199.768349
-1199.768349
-1199.768349
-1134.806920
-1069.845491
-1004.884061
-1004.884061
-956.162990
-956.162990
-1004.884061
-1069.845491
-1199.768349
-1329.691207
-1524.575495
-1784.421211
-1979.305499
-2206.670501
-2336.593359
-2466.516217
-2596.439076
-2596.439076
-2596.439076
-2596.439076
-2596.439076
-2466.516217
-2336.593359
-2076.747642
-1979.305499
-1784.421211
-1589.536924
-1394.652636
-1199.768349
-1069.845491
-923.682275
-793.759417
-696.317273
-598.875129
-533.913700
-468.952271
-444.591735
-444.591735
-444.591735
-468.952271
-501.432986
-501.432986
-598.875129
-696.317273
-728.797988
-761.278702
-826.240131
-891.201560
-956.162990
-1004.884061
-956.162990
-923.682275
-891.201560
-793.759417
-696.317273
-598.875129
-468.952271
-379.630306
-282.188162
-180.685929
-83.243785
-32.492669
12.168314
83.219877
107.580413
107.580413
156.301485
148.181306
123.820770
140.061127
99.460234
52.769207
66.979520
40.588939
-28.432580
-52.793115
-99.484143
-148.205215
-140.085036
-156.325393
-164.445572
-131.964857
-75.123607
-0.011954
99.460234
180.662021
265.923896
347.125683
412.087112
501.409077
533.889792
566.370506
598.851221
566.370506
566.370506
566.370506
501.409077
468.928362
428.327469
330.885325
249.683539
200.962467
156.301485
99.460234
60.889386
28.408671
8.108224
36.528850
99.460234
200.962467
298.404611
412.087112
533.889792
696.293364
891.177652
1069.821582
1264.705869
1524.551586
1719.435874
1979.281590
2206.646592
2596.415167
2856.260884
3246.029459
3505.875175
3765.720892
4025.566608
4220.450896
4220.450896
4220.450896
4220.450896
3895.643750
3635.798034
3375.952317
2986.183742
2466.492309
2076.723734
1589.513015
1134.783011
761.254794
428.327469
140.061127
-75.123607
-249.707448
-395.870663
-501.432986
-533.913700
-598.875129
-663.836558
-696.317273
-728.797988
-826.240131
-923.682275
-1004.884061
-1069.845491
-1069.845491
-1069.845491
-1134.806920
-1134.806920
-1069.845491
-1004.884061
-1004.884061
-956.162990
-956.162990
-1004.884061
-1004.884061
-1134.806920
-1264.729778
-1459.614066
-1654.498353
-1784.421211
-2076.747642
-2206.670501
-2336.593359
-2466.516217
-2596.439076
-2726.361934
-2726.361934
-2596.439076
-2466.516217
-2336.593359
-2076.747642
-1849.382640
-1654.498353
-1394.652636
-1134.806920
-956.162990
-761.278702
-631.355844
-501.432986
-444.591735
-428.351378
-395.870663
-412.111020
-428.351378
-468.952271
-566.394415
-598.875129
-631.355844
-663.836558
-663.836558
-663.836558
-696.317273
-696.317273
-696.317273
-663.836558
-696.317273
-696.317273
-696.317273
-663.836558
-598.875129
-533.913700
-501.432986
-428.351378
-395.870663
-298.428519
-217.226733
-115.724500
-44.672937
20.288492
107.580413
172.541842
217.202824
265.923896
265.923896
265.923896
249.683539
217.202824
156.301485
99.460234
44.649028
-44.672937
-123.844679
-172.565750
-249.707448
-265.947805
-282.188162
-298.428519
-314.668877
-282.188162
-188.806108
-123.844679
-48.733026
52.769207
156.301485
249.683539
330.885325
412.087112
444.567826
501.409077
533.889792
501.409077
533.889792
533.889792
501.409077
428.327469
347.125683
265.923896
172.541842
83.219877
12.168314
-40.612848
-75.123607
-75.123607
-40.612848
24.348582
75.099698
164.421663
314.644968
395.846755
501.409077
696.293364
858.696937
1069.821582
1329.667299
1589.513015
1979.281590
2336.569450
2726.338025
3116.106600
3505.875175
3765.720892
4025.566608
4220.450896
4480.296612
4480.296612
4220.450896
4220.450896
3895.643750
3505.875175
3116.106600
2726.338025
2206.646592
1654.474444
1199.744440
728.774079
347.125683
52.769207
-217.226733
-428.351378
-598.875129
-663.836558
-728.797988
-761.278702
-761.278702
-728.797988
-728.797988
-696.317273
-696.317273
-696.317273
-696.317273
-728.797988
-793.759417
-826.240131
-826.240131
-858.720846
-858.720846
-891.201560
-891.201560
-858.720846
-858.720846
-923.682275
-956.162990
-1069.845491
-1199.768349
-1329.691207
-1524.575495
-1719.459782
-1914.344070
-2076.747642
-2206.670501
-2336.593359
-2466.516217
-2596.439076
-2596.439076
-2466.516217
-2336.593359
-2206.670501
-2076.747642
-1784.421211
-1459.614066
-1199.768349
-891.201560
-696.317273
-468.952271
-282.188162
-148.205215
-56.853205
-60.913294
-91.363964
-123.844679
-233.467090
-363.389949
-468.952271
-598.875129
-696.317273
-793.759417
-891.201560
-891.201560
-923.682275
-956.162990
-923.682275
-891.201560
-858.720846
-793.759417
-761.278702
-728.797988
-696.317273
-663.836558
-663.836558
-598.875129
-533.913700
-468.952271
-412.111020
-314.668877
-233.467090
-156.325393
-83.243785
-0.011954
66.979520
99.460234
140.061127
217.202824
249.683539
200.962467
188.782199
164.421663
75.099698
-0.011954
-99.484143
-233.467090
-298.428519
-347.149591
-412.111020
-444.591735
-412.111020
-347.149591
-265.947805
-200.986376
-148.205215
-24.372490
75.099698
140.061127
265.923896
330.885325
379.606397
501.409077
501.409077
501.409077
533.889792
468.928362
395.846755
363.366040
249.683539
123.820770
24.348582
-99.484143
-156.325393
-172.565750
-180.685929
-156.325393
-56.853205
52.769207
140.061127
265.923896
428.327469
631.331935
858.696937
1069.821582
1394.628728
1719.435874
2076.723734
2466.492309
2726.338025
3116.106600
3505.875175
3895.643750
4220.450896
4480.296612
4480.296612
4480.296612
4480.296612
4480.296612
4220.450896
3895.643750
3505.875175
3116.106600
2596.415167
2076.723734
1589.513015
1004.860153
598.851221
200.962467
-172.565750
-468.952271
-663.836558
-826.240131
-891.201560
-923.682275
-923.682275
-858.720846
-761.278702
-663.836558
-598.875129
-598.875129
-566.394415
-533.913700
-566.394415
-631.355844
-696.317273
-761.278702
-826.240131
-891.201560
-923.682275
-1004.884061
-1004.884061
-1069.845491
-1199.768349
-1264.729778
-1264.729778
-1394.652636
-1459.614066
-1524.575495
-1654.498353
-1849.382640
-1979.305499
-2076.747642
-2206.670501
-2336.593359
-2466.516217
-2466.516217
-2466.516217
-2336.593359
-2336.593359
-2076.747642
-1849.382640
-1589.536924
-1329.691207
-1069.845491
-826.240131
-566.394415
-314.668877
-107.604321
52.769207
140.061127
164.421663
156.301485
75.099698
-52.793115
-188.806108
-379.630306
-533.913700
-696.317273
-858.720846
-956.162990
-1004.884061
-1069.845491
-1069.845491
-1004.884061
-956.162990
-923.682275
-826.240131
-728.797988
-631.355844
-533.913700
-428.351378
-314.668877
-249.707448
-233.467090
-200.986376
-115.724500
-83.243785
-67.003428
-36.552758
-36.552758
-0.011954
24.348582
44.649028
83.219877
75.099698
66.979520
75.099698
48.709118
24.348582
-0.011954
-44.672937
-123.844679
-188.806108
-249.707448
-314.668877
-347.149591
-330.909234
-330.909234
-347.149591
-298.428519
-265.947805
-233.467090
-140.085036
-52.793115
66.979520
200.962467
314.644968
428.327469
468.928362
501.409077
566.370506
501.409077
412.087112
347.125683
233.443182
91.340055
-48.733026
-164.445572
-249.707448
-314.668877
-347.149591
-363.389949
-298.428519
-180.685929
-83.243785
66.979520
298.404611
501.409077
761.254794
1069.821582
1394.628728
1784.397303
2206.646592
2596.415167
2986.183742
3375.952317
3765.720892
4220.450896
4480.296612
4740.142329
4740.142329
4740.142329
4740.142329
4480.296612
4220.450896
3895.643750
3505.875175
3116.106600
2596.415167
1979.281590
1459.590157
923.658366
412.087112
-32.492669
-379.630306
-696.317273
-923.682275
-1069.845491
-1134.806920
-1134.806920
-1069.845491
-1004.884061
-923.682275
-826.240131
-761.278702
-696.317273
-598.875129
-566.394415
-566.394415
-566.394415
-598.875129
-663.836558
-728.797988
-793.759417
-891.201560
-1004.884061
-1069.845491
-1134.806920
-1264.729778
-1329.691207
-1394.652636
-1524.575495
-1589.536924
-1654.498353
-1784.421211
-1914.344070
-2076.747642
-2206.670501
-2206.670501
-2336.593359
-2336.593359
-2336.593359
-2336.593359
-2206.670501
-2206.670501
-1979.305499
-1784.421211
-1524.575495
-1264.729778
-1004.884061
-761.278702
-468.952271
-265.947805
-67.003428
83.219877
188.782199
249.683539
217.202824
148.181306
56.829296
-44.672937
-180.685929
-347.149591
-468.952271
-598.875129
-761.278702
-858.720846
-923.682275
-1004.884061
-1004.884061
-1004.884061
-956.162990
-826.240131
-728.797988
-631.355844
-533.913700
-395.870663
-298.428519
-217.226733
-148.205215
-115.724500
-99.484143
-83.243785
-75.123607
-91.363964
-83.243785
-56.853205
-48.733026
-52.793115
-83.243785
-83.243785
-75.123607
-91.363964
-91.363964
-91.363964
-83.243785
-40.612848
-24.372490
-60.913294
-60.913294
-75.123607
-99.484143
-83.243785
-91.363964
-91.363964
-75.123607
-75.123607
-8.132133
48.709118
56.829296
83.219877
148.181306
200.962467
249.683539
330.885325
347.125683
347.125683
347.125683
330.885325
265.923896
188.782199
107.580413
20.288492
-91.363964
-200.986376
-249.707448
-282.188162
-298.428519
-265.947805
-249.707448
-200.986376
-75.123607
48.709118
200.962467
395.846755
663.812650
1004.860153
1394.628728
1914.320161
2336.569450
2856.260884
3375.952317
3765.720892
4220.450896
4480.296612
4740.142329
4740.142329
4999.988046
4740.142329
4480.296612
4220.450896
3895.643750
3505.875175
2986.183742
2466.492309
1914.320161
1329.667299
761.254794
265.923896
-148.205215
-501.432986
-826.240131
-1004.884061
-1134.806920
-1134.806920
-1134.806920
-1069.845491
-956.162990
-891.201560
-761.278702
-663.836558
-598.875129
-501.432986
-468.952271
-468.952271
-444.591735
-468.952271
-533.913700
-598.875129
-663.836558
-761.278702
-858.720846
-956.162990
-1069.845491
-1134.806920
-1199.768349
-1264.729778
-1394.652636
-1459.614066
-1589.536924
-1654.498353
-1719.459782
-1914.344070
-1979.305499
-2076.747642
-2206.670501
-2206.670501
-2336.593359
-2336.593359
-2336.593359
-2206.670501
-2076.747642
-1914.344070
-1719.459782
-1394.652636
-1134.806920
-858.720846
-566.394415
-330.909234
-107.604321
66.979520
164.421663
200.962467
233.443182
249.683539
217.202824
91.340055
-28.432580
-148.205215
-298.428519
-468.952271
-631.355844
-793.759417
-956.162990
-1069.845491
-1069.845491
-1134.806920
-1069.845491
-1004.884061
-956.162990
-826.240131
-696.317273
-598.875129
-468.952271
-347.149591
-217.226733
-107.604321
-8.132133
40.588939
83.219877
140.061127
148.181306
131.940949
148.181306
148.181306
99.460234
83.219877
32.468760
-28.432580
-8.132133
-12.192222
-91.363964
-115.724500
-107.604321
-131.964857
-164.445572
-172.565750
-172.565750
-180.685929
-156.325393
-148.205215
-148.205215
-99.484143
-60.913294
-56.853205
-36.552758
-16.252312
-12.192222
4.048135
44.649028
75.099698
99.460234
131.940949
164.421663
188.782199
188.782199
156.301485
156.301485
148.181306
83.219877
44.649028
28.408671
-24.372490
-75.123607
-83.243785
-107.604321
-115.724500
-52.793115
12.168314
107.580413
265.923896
501.409077
793.735508
1134.783011
1589.513015
2076.723734
2466.492309
2986.183742
3375.952317
3765.720892
4220.450896
4480.296612
4740.142329
4740.142329
4740.142329
4740.142329
4480.296612
4220.450896
3765.720892
3246.029459
2726.338025
2206.646592
1654.474444
1069.821582
566.370506
83.219877
-314.668877
-631.355844
-891.201560
-1069.845491
-1134.806920
-1199.768349
-1134.806920
-1004.884061
-923.682275
-826.240131
-728.797988
-631.355844
-533.913700
-501.432986
-501.432986
-468.952271
-501.432986
-598.875129
-631.355844
-728.797988
-826.240131
-891.201560
-1004.884061
-1134.806920
-1134.806920
-1199.768349
-1264.729778
-1329.691207
-1394.652636
-1459.614066
-1524.575495
-1589.536924
-1654.498353
-1719.459782
-1784.421211
-1914.344070
-1979.305499
-2076.747642
-2076.747642
-2076.747642
-2076.747642
-1979.305499
-1849.382640
-1719.459782
-1459.614066
-1264.729778
-1004.884061
-793.759417
-566.394415
-314.668877
-131.964857
-0.011954
148.181306
217.202824
249.683539
298.404611
249.683539
156.301485
52.769207
-91.363964
-249.707448
-412.111020
-566.394415
-728.797988
-858.720846
-1004.884061
-1004.884061
-1069.845491
-1069.845491
-1004.884061
-956.162990
-891.201560
-793.759417
-663.836558
-501.432986
-347.149591
-217.226733
-99.484143
24.348582
115.700591
140.061127
172.541842
200.962467
217.202824
188.782199
156.301485
131.940949
91.340055
48.709118
-8.132133
-91.363964
-148.205215
-188.806108
-249.707448
-282.188162
-298.428519
-298.428519
-282.188162
-249.707448
-265.947805
-233.467090
-180.685929
-164.445572
-148.205215
-99.484143
-48.733026
-24.372490
4.048135
24.348582
24.348582
56.829296
44.649028
36.528850
91.340055
60.889386
8.108224
28.408671
28.408671
-24.372490
-36.552758
-32.492669
-67.003428
-91.363964
-52.793115
-48.733026
-40.612848
-4.072044
20.288492
75.099698
188.782199
363.366040
566.370506
793.735508
1134.783011
1524.551586
1914.320161
2336.569450
2726.338025
3246.029459
3635.798034
4025.566608
4220.450896
4480.296612
4740.142329
4740.142329
4740.142329
4480.296612
4220.450896
4025.566608
3505.875175
2986.183742
2466.492309
1914.320161
1329.667299
761.254794
217.202824
-265.947805
-631.355844
-956.162990
-1264.729778
-1394.652636
-1394.652636
-1394.652636
-1329.691207
-1199.768349
-1069.845491
-923.682275
-728.797988
-566.394415
-468.952271
-395.870663
-347.149591
-330.909234
-363.389949
-428.351378
-533.913700
-631.355844
-728.797988
-858.720846
-1004.884061
-1069.845491
-1199.768349
-1329.691207
-1394.652636
-1459.614066
-1524.575495
-1589.536924
-1589.536924
-1654.498353
-1784.421211
-1784.421211
-1849.382640
-1914.344070
-1914.344070
-1979.305499
-1979.305499
-1914.344070
-1849.382640
-1784.421211
-1719.459782
-1589.536924
-1329.691207
-1134.806920
-956.162990
-728.797988
-533.913700
-314.668877
-115.724500
24.348582
115.700591
180.662021
217.202824
217.202824
180.662021
107.580413
-0.011954
-115.724500
-249.707448
-395.870663
-566.394415
-696.317273
-793.759417
-956.162990
-1004.884061
-1069.845491
-1069.845491
-1069.845491
-1004.884061
-956.162990
-858.720846
-663.836558
-533.913700
-412.111020
-282.188162
-123.844679
4.048135
91.340055
172.541842
249.683539
298.404611
330.885325
347.125683
330.885325
314.644968
298.404611
217.202824
148.181306
83.219877
28.408671
-48.733026
-115.724500
-131.964857
-148.205215
-156.325393
-180.685929
-188.806108
-140.085036
-91.363964
-48.733026
16.228403
75.099698
131.940949
180.662021
200.962467
249.683539
249.683539
233.443182
233.443182
233.443182
188.782199
156.301485
148.181306
83.219877
12.168314
-0.011954
-48.733026
-99.484143
-148.205215
-188.806108
-217.226733
-233.467090
-200.986376
-200.986376
-172.565750
-67.003428
52.769207
180.662021
379.606397
598.851221
826.216223
1134.783011
1459.590157
1849.358732
2206.646592
2596.415167
2986.183742
3375.952317
3765.720892
4025.566608
4220.450896
4220.450896
4220.450896
4220.450896
4025.566608
3765.720892
3505.875175
3116.106600
2596.415167
2076.723734
1589.513015
1069.821582
566.370506
83.219877
-363.389949
-728.797988
-1004.884061
-1264.729778
-1394.652636
-1394.652636
-1329.691207
-1329.691207
-1199.768349
-1004.884061
-826.240131
-663.836558
-468.952271
-347.149591
-265.947805
-180.685929
-156.325393
-164.445572
-200.986376
-282.188162
-379.630306
-533.913700
-663.836558
-793.759417
-923.682275
-1069.845491
-1199.768349
-1329.691207
-1394.652636
-1459.614066
-1524.575495
-1589.536924
-1654.498353
-1654.498353
-1719.459782
-1784.421211
-1784.421211
-1784.421211
-1719.459782
-1654.498353
-1654.498353
-1654.498353
-1589.536924
-1459.614066
-1394.652636
-1264.729778
-1134.806920
-1004.884061
-858.720846
-663.836558
-533.913700
-395.870663
-265.947805
-123.844679
-67.003428
-60.913294
-12.192222
-12.192222
-48.733026
-75.123607
-140.085036
-217.226733
-298.428519
-412.111020
-501.432986
-598.875129
-761.278702
-858.720846
-923.682275
-923.682275
-923.682275
-923.682275
-891.201560
-761.278702
-663.836558
-533.913700
-412.111020
-298.428519
-172.565750
-28.432580
83.219877
156.301485
217.202824
282.164254
363.366040
412.087112
412.087112
379.606397
347.125683
298.404611
233.443182
172.541842
83.219877
4.048135
-28.432580
-83.243785
-140.085036
-180.685929
-200.986376
-188.806108
-156.325393
-140.085036
-115.724500
-56.853205
28.408671
66.979520
99.460234
148.181306
188.782199
200.962467
200.962467
188.782199
156.301485
115.700591
75.099698
28.408671
-0.011954
-40.612848
-115.724500
-140.085036
-148.205215
-233.467090
-233.467090
-217.226733
-265.947805
-265.947805
-200.986376
-140.085036
-67.003428
60.889386
200.962467
363.366040
566.370506
761.254794
1069.821582
1459.590157
1849.358732
2206.646592
2596.415167
3116.106600
3505.875175
3765.720892
4025.566608
4220.450896
4480.296612
4480.296612
4220.450896
4220.450896
3895.643750
3505.875175
3116.106600
2596.415167
2076.723734
1589.513015
1069.821582
501.409077
24.348582
-379.630306
-793.759417
-1069.845491
-1264.729778
-1394.652636
-1459.614066
-1394.652636
-1394.652636
-1264.729778
-1134.806920
-956.162990
-793.759417
-631.355844
-501.432986
-412.111020
-298.428519
-233.467090
-265.947805
-298.428519
-363.389949
-468.952271
-598.875129
-728.797988
-891.201560
-1004.884061
-1134.806920
-1264.729778
-1394.652636
-1459.614066
-1524.575495
-1589.536924
-1654.498353
-1719.459782
-1719.459782
-1784.421211
-1719.459782
-1719.459782
-1719.459782
-1654.498353
-1654.498353
-1654.498353
-1524.575495
-1459.614066
-1394.652636
-1264.729778
-1134.806920
-1004.884061
-858.720846
-728.797988
-566.394415
-363.389949
-233.467090
-131.964857
-4.072044
83.219877
115.700591
131.940949
140.061127
83.219877
12.168314
-36.552758
-115.724500
-233.467090
-363.389949
-501.432986
-631.355844
-696.317273
-761.278702
-858.720846
-923.682275
-923.682275
-923.682275
-891.201560
-826.240131
-761.278702
-663.836558
-566.394415
-468.952271
-363.389949
-249.707448
-148.205215
-32.492669
75.099698
148.181306
200.962467
249.683539
298.404611
330.885325
330.885325
298.404611
249.683539
217.202824
200.962467
140.061127
60.889386
36.528850
4.048135
-60.913294
-60.913294
-48.733026
-52.793115
-24.372490
-4.072044
24.348582
66.979520
99.460234
140.061127
180.662021
188.782199
200.962467
233.443182
249.683539
265.923896
233.443182
200.962467
200.962467
140.061127
66.979520
48.709118
28.408671
-4.072044
-60.913294
-91.363964
-107.604321
-131.964857
-140.085036
-131.964857
-99.484143
-28.432580
60.889386
188.782199
363.366040
598.851221
858.696937
1199.744440
1459.590157
1849.358732
2206.646592
2726.338025
2986.183742
3375.952317
3635.798034
3895.643750
4025.566608
4220.450896
4220.450896
3895.643750
3765.720892
3505.875175
3246.029459
2726.338025
2336.569450
1849.358732
1329.667299
826.216223
298.404611
-164.445572
-533.913700
-858.720846
-1134.806920
-1329.691207
-1459.614066
-1524.575495
-1524.575495
-1459.614066
-1329.691207
-1199.768349
-1004.884061
-826.240131
-663.836558
-501.432986
-395.870663
-282.188162
-200.986376
-200.986376
-217.226733
-233.467090
-347.149591
-468.952271
-598.875129
-728.797988
-891.201560
-1004.884061
-1134.806920
-1264.729778
-1394.652636
-1459.614066
-1524.575495
-1589.536924
-1654.498353
-1654.498353
-1719.459782
-1719.459782
-1654.498353
-1654.498353
-1589.536924
-1524.575495
-1524.575495
-1459.614066
-1394.652636
-1264.729778
-1134.806920
-1004.884061
-891.201560
-761.278702
-598.875129
-468.952271
-330.909234
-164.445572
-83.243785
-8.132133
66.979520
91.340055
115.700591
140.061127
115.700591
75.099698
16.228403
-67.003428
-156.325393
-249.707448
-363.389949
-468.952271
-533.913700
-631.355844
-761.278702
-793.759417
-793.759417
-826.240131
-793.759417
-761.278702
-696.317273
-631.355844
-533.913700
-444.591735
-314.668877
-233.467090
-148.205215
-28.432580
52.769207
140.061127
188.782199
233.443182
265.923896
265.923896
233.443182
200.962467
156.301485
91.340055
24.348582
-32.492669
-99.484143
-148.205215
-156.325393
-172.565750
-217.226733
-233.467090
-249.707448
-200.986376
-140.085036
-107.604321
-67.003428
-32.492669
-0.011954
44.649028
91.340055
140.061127
180.662021
156.301485
156.301485
164.421663
115.700591
99.460234
91.340055
56.829296
-0.011954
-48.733026
-83.243785
-115.724500
-115.724500
-91.363964
-123.844679
-140.085036
-99.484143
-24.372490
83.219877
172.541842
298.404611
501.409077
728.774079
1004.860153
1329.667299
1654.474444
1979.281590
2336.569450
2726.338025
3116.106600
3375.952317
3635.798034
3895.643750
4025.566608
4220.450896
4220.450896
4025.566608
3765.720892
3505.875175
3246.029459
2726.338025
2336.569450
1849.358732
1329.667299
826.216223
330.885325
-115.724500
-533.913700
-858.720846
-1134.806920
-1264.729778
-1394.652636
-1459.614066
-1459.614066
-1394.652636
-1264.729778
-1069.845491
-891.201560
-728.797988
-598.875129
-468.952271
-330.909234
-233.467090
-180.685929
-188.806108
-217.226733
-298.428519
-412.111020
-566.394415
-696.317273
-826.240131
-1004.884061
-1199.768349
-1329.691207
-1394.652636
-1524.575495
-1654.498353
-1719.459782
-1719.459782
-1784.421211
-1784.421211
-1784.421211
-1784.421211
-1719.459782
-1654.498353
-1654.498353
-1589.536924
-1459.614066
-1394.652636
-1329.691207
-1199.768349
-1134.806920
-1004.884061
-826.240131
-696.317273
-566.394415
-428.351378
-298.428519
-217.226733
-107.604321
4.048135
60.889386
91.340055
107.580413
99.460234
91.340055
56.829296
4.048135
-60.913294
-172.565750
-314.668877
-412.111020
-501.432986
-566.394415
-663.836558
-728.797988
-761.278702
-826.240131
-826.240131
-826.240131
-761.278702
-696.317273
-631.355844
-566.394415
-468.952271
-347.149591
-233.467090
-99.484143
16.228403
83.219877
156.301485
233.443182
282.164254
330.885325
314.644968
298.404611
282.164254
233.443182
200.962467
140.061127
83.219877
48.709118
-16.252312
-67.003428
-60.913294
-75.123607
-99.484143
-107.604321
-107.604321
-83.243785
-56.853205
-52.793115
-12.192222
28.408671
56.829296
99.460234
115.700591
148.181306
172.541842
172.541842
200.962467
188.782199
123.820770
107.580413
115.700591
91.340055
28.408671
-0.011954
-16.252312
-28.432580
-12.192222
-44.672937
-67.003428
-32.492669
12.168314
91.340055
200.962467
330.885325
468.928362
663.812650
956.139081
1264.705869
1524.551586
1849.358732
2336.569450
2596.415167
2986.183742
3246.029459
3505.875175
3765.720892
3895.643750
3895.643750
3765.720892
3765.720892
3505.875175
3246.029459
2856.260884
2466.492309
2076.723734
1589.513015
1134.783011
631.331935
156.301485
-249.707448
-598.875129
-923.682275
-1134.806920
-1329.691207
-1394.652636
-1459.614066
-1394.652636
-1329.691207
-1199.768349
-1069.845491
-891.201560
-761.278702
-631.355844
-501.432986
-428.351378
-330.909234
-265.947805
-249.707448
-282.188162
-314.668877
-379.630306
-501.432986
-631.355844
-728.797988
-858.720846
-1004.884061
-1134.806920
-1199.768349
-1329.691207
-1459.614066
-1524.575495
-1524.575495
-1589.536924
-1654.498353
-1654.498353
-1654.498353
-1654.498353
-1654.498353
-1589.536924
-1589.536924
-1524.575495
-1459.614066
-1394.652636
-1329.691207
-1199.768349
-1069.845491
-891.201560
-728.797988
-598.875129
-468.952271
-330.909234
-188.806108
-75.123607
16.228403
83.219877
140.061127
164.421663
172.541842
140.061127
99.460234
60.889386
-4.072044
-83.243785
-172.565750
-265.947805
-379.630306
-468.952271
-533.913700
-598.875129
-696.317273
-696.317273
-663.836558
-631.355844
-598.875129
-566.394415
-501.432986
-395.870663
-298.428519
-188.806108
-99.484143
4.048135
115.700591
188.782199
282.164254
347.125683
363.366040
395.846755
395.846755
363.366040
347.125683
314.644968
249.683539
180.662021
140.061127
75.099698
-16.252312
-48.733026
-60.913294
-99.484143
-115.724500
-140.085036
-131.964857
-107.604321
-131.964857
-156.325393
-140.085036
-140.085036
-115.724500
-83.243785
-67.003428
-32.492669
-24.372490
-24.372490
4.048135
20.288492
8.108224
44.649028
83.219877
48.709118
32.468760
28.408671
12.168314
24.348582
12.168314
-36.552758
-44.672937
-0.011954
40.588939
66.979520
123.820770
200.962467
314.644968
501.409077
728.774079
1004.860153
1264.705869
1524.551586
1849.358732
2206.646592
2466.492309
2856.260884
3116.106600
3375.952317
3505.875175
3635.798034
3635.798034
3635.798034
3505.875175
3246.029459
2986.183742
2596.415167
2336.569450
1849.358732
1459.590157
1004.860153
566.370506
140.061127
-249.707448
-598.875129
-858.720846
-1134.806920
-1264.729778
-1329.691207
-1394.652636
-1329.691207
-1264.729778
-1199.768349
-1004.884061
-891.201560
-761.278702
-663.836558
-533.913700
-412.111020
-347.149591
-330.909234
-298.428519
-282.188162
-330.909234
-412.111020
-468.952271
-566.394415
-663.836558
-761.278702
-891.201560
-1004.884061
-1069.845491
-1199.768349
-1264.729778
-1329.691207
-1394.652636
-1459.614066
-1459.614066
-1524.575495
-1524.575495
-1524.575495
-1524.575495
-1459.614066
-1394.652636
-1329.691207
-1264.729778
-1199.768349
-1069.845491
-1004.884061
-923.682275
-826.240131
-696.317273
-566.394415
-444.591735
-330.909234
-233.467090
-140.085036
-56.853205
40.588939
107.580413
107.580413
107.580413
131.940949
123.820770
75.099698
-0.011954
-83.243785
-156.325393
-265.947805
-363.389949
-444.591735
-533.913700
-598.875129
-663.836558
-728.797988
-761.278702
-728.797988
-696.317273
-663.836558
-566.394415
-501.432986
-395.870663
-298.428519
-164.445572
-40.612848
36.528850
131.940949
233.443182
330.885325
379.606397
412.087112
395.846755
379.606397
395.846755
379.606397
314.644968
249.683539
164.421663
91.340055
52.769207
-24.372490
-75.123607
-99.484143
-140.085036
-148.205215
-140.085036
-148.205215
-156.325393
-148.205215
-91.363964
-67.003428
-83.243785
-60.913294
-28.432580
-16.252312
12.168314
52.769207
66.979520
99.460234
131.940949
148.181306
156.301485
148.181306
140.061127
131.940949
131.940949
107.580413
66.979520
52.769207
60.889386
91.340055
91.340055
48.709118
66.979520
131.940949
217.202824
330.885325
444.567826
631.331935
826.216223
1004.860153
1264.705869
1589.513015
1849.358732
2076.723734
2466.492309
2596.415167
2856.260884
2986.183742
3116.106600
3246.029459
3246.029459
3116.106600
2986.183742
2726.338025
2596.415167
2206.646592
1849.358732
1524.551586
1069.821582
696.293364
314.644968
-52.793115
-395.870663
-696.317273
-891.201560
-1069.845491
-1199.768349
-1264.729778
-1264.729778
-1199.768349
-1134.806920
-1069.845491
-923.682275
-793.759417
-663.836558
-533.913700
-428.351378
-330.909234
-282.188162
-249.707448
-233.467090
-265.947805
-347.149591
-395.870663
-468.952271
-566.394415
-696.317273
-826.240131
-956.162990
-1069.845491
-1134.806920
-1199.768349
-1329.691207
-1394.652636
-1459.614066
-1524.575495
-1524.575495
-1524.575495
-1459.614066
-1459.614066
-1459.614066
-1394.652636
-1329.691207
-1264.729778
-1134.806920
-1134.806920
-1004.884061
-956.162990
-858.720846
-728.797988
-663.836558
-566.394415
-428.351378
-314.668877
-200.986376
-75.123607
-0.011954
66.979520
131.940949
200.962467
233.443182
249.683539
217.202824
217.202824
200.962467
140.061127
56.829296
-16.252312
-91.363964
-200.986376
-330.909234
-412.111020
-468.952271
-501.432986
-566.394415
-598.875129
-566.394415
-533.913700
-501.432986
-428.351378
-347.149591
-233.467090
-107.604321
-36.552758
75.099698
217.202824
314.644968
395.846755
428.327469
468.928362
501.409077
468.928362
412.087112
379.606397
347.125683
265.923896
188.782199
107.580413
66.979520
24.348582
-28.432580
-83.243785
-107.604321
-99.484143
-131.964857
-148.205215
-148.205215
-131.964857
-115.724500
-123.844679
-107.604321
-91.363964
-75.123607
-60.913294
-36.552758
8.108224
24.348582
28.408671
36.528850
48.709118
91.340055
75.099698
44.649028
75.099698
66.979520
36.528850
52.769207
66.979520
66.979520
40.588939
32.468760
56.829296
52.769207
66.979520
115.700591
172.541842
265.923896
379.606397
533.889792
728.774079
923.658366
1134.783011
1394.628728
1589.513015
1849.358732
2076.723734
2336.569450
2466.492309
2726.338025
2726.338025
2856.260884
2856.260884
2726.338025
2596.415167
2466.492309
2206.646592
1914.320161
1589.513015
1264.705869
956.139081
598.851221
233.443182
-48.733026
-314.668877
-566.394415
-761.278702
-891.201560
-1004.884061
-1069.845491
-1134.806920
-1069.845491
-1004.884061
-956.162990
-858.720846
-761.278702
-631.355844
-566.394415
-468.952271
-412.111020
-379.630306
-330.909234
-314.668877
-314.668877
-363.389949
-412.111020
-501.432986
-598.875129
-696.317273
-793.759417
-891.201560
-1004.884061
-1134.806920
-1134.806920
-1199.768349
-1199.768349
-1264.729778
-1264.729778
-1264.729778
-1264.729778
-1264.729778
-1264.729778
-1199.768349
-1134.806920
-1069.845491
-1004.884061
-956.162990
-891.201560
-793.759417
-696.317273
-598.875129
-533.913700
-428.351378
-395.870663
-314.668877
-200.986376
-123.844679
-48.733026
32.468760
56.829296
91.340055
156.301485
200.962467
217.202824
200.962467
164.421663
140.061127
99.460234
32.468760
-28.432580
-107.604321
-164.445572
-217.226733
-330.909234
-395.870663
-412.111020
-428.351378
-444.591735
-468.952271
-444.591735
-412.111020
-363.389949
-314.668877
-233.467090
-156.325393
-75.123607
16.228403
83.219877
148.181306
217.202824
249.683539
298.404611
347.125683
330.885325
314.644968
282.164254
233.443182
217.202824
164.421663
107.580413
60.889386
-32.492669
-99.484143
-115.724500
-172.565750
-200.986376
-200.986376
-233.467090
-265.947805
-265.947805
-282.188162
-298.428519
-249.707448
-217.226733
-200.986376
-180.685929
-156.325393
-123.844679
-91.363964
-56.853205
-4.072044
12.168314
52.769207
91.340055
75.099698
99.460234
156.301485
156.301485
180.662021
217.202824
200.962467
180.662021
180.662021
180.662021
200.962467
217.202824
200.962467
265.923896
379.606397
444.567826
566.370506
728.774079
891.177652
1069.821582
1264.705869
1524.551586
1719.435874
1914.320161
2206.646592
2336.569450
2466.492309
2596.415167
2726.338025
2726.338025
2726.338025
2596.415167
2466.492309
2336.569450
2076.723734
1784.397303
1459.590157
1134.783011
826.216223
501.409077
188.782199
-131.964857
-412.111020
-631.355844
-858.720846
-1004.884061
-1069.845491
-1134.806920
-1134.806920
-1134.806920
-1004.884061
-956.162990
-891.201560
-761.278702
-631.355844
-533.913700
-468.952271
-412.111020
-379.630306
-347.149591
-363.389949
-379.630306
-444.591735
-501.432986
-566.394415
-696.317273
-793.759417
-891.201560
-1004.884061
-1069.845491
-1134.806920
-1199.768349
-1264.729778
-1329.691207
-1329.691207
-1329.691207
-1329.691207
-1329.691207
-1264.729778
-1264.729778
-1199.768349
-1134.806920
-1069.845491
-1069.845491
-956.162990
-858.720846
-793.759417
-696.317273
-631.355844
-501.432986
-412.111020
-330.909234
-233.467090
-140.085036
-67.003428
-0.011954
60.889386
99.460234
188.782199
265.923896
282.164254
298.404611
265.923896
217.202824
140.061127
75.099698
28.408671
-40.612848
-131.964857
-233.467090
-314.668877
-347.149591
-363.389949
-395.870663
-468.952271
-501.432986
-468.952271
-428.351378
-379.630306
-298.428519
-233.467090
-164.445572
-91.363964
-24.372490
40.588939
140.061127
233.443182
282.164254
330.885325
314.644968
314.644968
363.366040
330.885325
249.683539
233.443182
217.202824
164.421663
115.700591
75.099698
36.528850
-12.192222
-60.913294
-131.964857
-188.806108
-172.565750
-180.685929
-200.986376
-180.685929
-180.685929
-217.226733
-172.565750
-131.964857
-123.844679
-91.363964
-52.793115
-16.252312
24.348582
66.979520
115.700591
131.940949
164.421663
217.202824
217.202824
233.443182
249.683539
217.202824
200.962467
217.202824
200.962467
180.662021
172.541842
164.421663
131.940949
75.099698
123.820770
164.421663
172.541842
314.644968
468.928362
598.851221
793.735508
1004.860153
1264.705869
1459.590157
1654.474444
1914.320161
2206.646592
2336.569450
2466.492309
2596.415167
2596.415167
2596.415167
2596.415167
2466.492309
2336.569450
2076.723734
1849.358732
1524.551586
1264.705869
956.139081
598.851221
265.923896
4.048135
-265.947805
-501.432986
-663.836558
-793.759417
-956.162990
-1004.884061
-1069.845491
-1069.845491
-1069.845491
-956.162990
-858.720846
-761.278702
-663.836558
-533.913700
-468.952271
-428.351378
-395.870663
-379.630306
-363.389949
-363.389949
-395.870663
-468.952271
-533.913700
-631.355844
-728.797988
-826.240131
-891.201560
-1004.884061
-1069.845491
-1134.806920
-1199.768349
-1264.729778
-1329.691207
-1329.691207
-1329.691207
-1329.691207
-1329.691207
-1264.729778
-1199.768349
-1199.768349
-1134.806920
-1069.845491
-1004.884061
-956.162990
-858.720846
-728.797988
-631.355844
-566.394415
-412.111020
-330.909234
-233.467090
-123.844679
-56.853205
56.829296
140.061127
180.662021
217.202824
249.683539
265.923896
265.923896
282.164254
298.404611
233.443182
164.421663
140.061127
83.219877
-0.011954
-67.003428
-131.964857
-164.445572
-217.226733
-298.428519
-347.149591
-379.630306
-395.870663
-363.389949
-347.149591
-330.909234
-282.188162
-217.226733
-140.085036
-40.612848
16.228403
52.769207
131.940949
180.662021
188.782199
233.443182
265.923896
265.923896
265.923896
233.443182
200.962467
164.421663
123.820770
91.340055
40.588939
-4.072044
-60.913294
-107.604321
-131.964857
-164.445572
-217.226733
-217.226733
-217.226733
-233.467090
-217.226733
-172.565750
-164.445572
-156.325393
-148.205215
-115.724500
-75.123607
-48.733026
-8.132133
40.588939
83.219877
91.340055
107.580413
180.662021
156.301485
123.820770
172.541842
140.061127
131.940949
156.301485
107.580413
75.099698
66.979520
44.649028
66.979520
123.820770
172.541842
200.962467
298.404611
468.928362
566.370506
728.774079
923.658366
1134.783011
1394.628728
1589.513015
1849.358732
2076.723734
2206.646592
2336.569450
2466.492309
2596.415167
2596.415167
2596.415167
2466.492309
2336.569450
2206.646592
1979.281590
1719.435874
1459.590157
1199.744440
826.216223
468.928362
180.662021
-107.604321
-379.630306
-566.394415
-793.759417
-923.682275
-1004.884061
-1069.845491
-1069.845491
-1069.845491
-1004.884061
-923.682275
-858.720846
-728.797988
-663.836558
-533.913700
-444.591735
-412.111020
-363.389949
-314.668877
-347.149591
-379.630306
-379.630306
-468.952271
-533.913700
-598.875129
-696.317273
-826.240131
-923.682275
-1004.884061
-1069.845491
-1199.768349
-1199.768349
-1264.729778
-1264.729778
-1264.729778
-1264.729778
-1264.729778
-1264.729778
-1264.729778
-1199.768349
-1069.845491
-1004.884061
-1004.884061
-923.682275
-858.720846
-793.759417
-663.836558
-598.875129
-501.432986
-379.630306
-314.668877
-233.467090
-123.844679
-83.243785
-28.432580
56.829296
123.820770
164.421663
200.962467
233.443182
249.683539
265.923896
233.443182
148.181306
148.181306
131.940949
16.228403
-52.793115
-99.484143
-180.685929
-249.707448
-314.668877
-363.389949
-412.111020
-444.591735
-444.591735
-444.591735
-428.351378
-379.630306
-330.909234
-265.947805
-180.685929
-91.363964
-32.492669
32.468760
123.820770
188.782199
233.443182
298.404611
379.606397
412.087112
428.327469
428.327469
412.087112
412.087112
412.087112
363.366040
330.885325
282.164254
217.202824
164.421663
99.460234
44.649028
-0.011954
-75.123607
-115.724500
-140.085036
-200.986376
-233.467090
-217.226733
-172.565750
-140.085036
-115.724500
-91.363964
-56.853205
-4.072044
20.288492
40.588939
99.460234
115.700591
164.421663
180.662021
164.421663
172.541842
123.820770
99.460234
83.219877
-12.192222
-52.793115
-60.913294
-91.363964
-115.724500
-115.724500
-83.243785
-40.612848
32.468760
180.662021
363.366040
566.370506
761.254794
923.658366
1134.783011
1394.628728
1654.474444
1914.320161
2076.723734
2336.569450
2336.569450
2466.492309
2466.492309
2336.569450
2336.569450
2206.646592
2076.723734
1849.358732
1589.513015
1329.667299
1069.821582
728.774079
428.327469
131.940949
-131.964857
-363.389949
-533.913700
-696.317273
-793.759417
-891.201560
-923.682275
-956.162990
-923.682275
-891.201560
-793.759417
-696.317273
-598.875129
-501.432986
-444.591735
-363.389949
-282.188162
-282.188162
-265.947805
-233.467090
-233.467090
-282.188162
-363.389949
-444.591735
-566.394415
-631.355844
-696.317273
-793.759417
-923.682275
-1004.884061
-1069.845491
-1134.806920
-1134.806920
-1199.768349
-1199.768349
-1199.768349
-1199.768349
-1134.806920
-1134.806920
-1069.845491
-1004.884061
-923.682275
-858.720846
-793.759417
-728.797988
-631.355844
-533.913700
-468.952271
-395.870663
-347.149591
-282.188162
-233.467090
-188.806108
-115.724500
-36.552758
-8.132133
40.588939
83.219877
83.219877
91.340055
99.460234
115.700591
148.181306
123.820770
99.460234
75.099698
40.588939
8.108224
-48.733026
-115.724500
-180.685929
-217.226733
-233.467090
-282.188162
-298.428519
-314.668877
-330.909234
-298.428519
-282.188162
-249.707448
-172.565750
-99.484143
-44.672937
-0.011954
56.829296
99.460234
115.700591
180.662021
265.923896
314.644968
347.125683
347.125683
314.644968
282.164254
249.683539
217.202824
200.962467
180.662021
123.820770
56.829296
-8.132133
-56.853205
-115.724500
-172.565750
-217.226733
-265.947805
-298.428519
-282.188162
-282.188162
-265.947805
-217.226733
-172.565750
-148.205215
-123.844679
-60.913294
16.228403
83.219877
140.061127
200.962467
217.202824
217.202824
249.683539
265.923896
233.443182
188.782199
164.421663
131.940949
99.460234
16.228403
-44.672937
-44.672937
-67.003428
-83.243785
-44.672937
-8.132133
75.099698
200.962467
363.366040
501.409077
663.812650
891.177652
1134.783011
1329.667299
1524.551586
1784.397303
1979.281590
2076.723734
2206.646592
2336.569450
2336.569450
2336.569450
2206.646592
2076.723734
1914.320161
1719.435874
1459.590157
1199.744440
956.139081
696.293364
395.846755
115.700591
-140.085036
-363.389949
-566.394415
-696.317273
-826.240131
-923.682275
-956.162990
-956.162990
-956.162990
-891.201560
-793.759417
-696.317273
-598.875129
-501.432986
-412.111020
-314.668877
-265.947805
-233.467090
-180.685929
-156.325393
-156.325393
-200.986376
-282.188162
-347.149591
-412.111020
-533.913700
-631.355844
-728.797988
-858.720846
-923.682275
-1004.884061
-1069.845491
-1134.806920
-1134.806920
-1134.806920
-1134.806920
-1134.806920
-1069.845491
-1004.884061
-923.682275
-858.720846
-793.759417
-696.317273
-631.355844
-566.394415
-501.432986
-444.591735
-363.389949
-298.428519
-265.947805
-200.986376
-148.205215
-115.724500
-60.913294
-0.011954
24.348582
48.709118
91.340055
115.700591
123.820770
148.181306
156.301485
131.940949
115.700591
99.460234
75.099698
44.649028
8.108224
-36.552758
-83.243785
-123.844679
-180.685929
-217.226733
-249.707448
-298.428519
-330.909234
-347.149591
-330.909234
-298.428519
-265.947805
-217.226733
-164.445572
-115.724500
-75.123607
-12.192222
66.979520
107.580413
123.820770
188.782199
217.202824
217.202824
249.683539
282.164254
265.923896
233.443182
180.662021
131.940949
83.219877
12.168314
-40.612848
-83.243785
-115.724500
-164.445572
-249.707448
-265.947805
-265.947805
-298.428519
-298.428519
-298.428519
-298.428519
-265.947805
-233.467090
-172.565750
-107.604321
-40.612848
-28.432580
28.408671
99.460234
131.940949
164.421663
200.962467
233.443182
265.923896
282.164254
265.923896
233.443182
217.202824
200.962467
156.301485
123.820770
99.460234
66.979520
75.099698
75.099698
83.219877
140.061127
200.962467
265.923896
363.366040
501.409077
631.331935
761.254794
923.658366
1069.821582
1264.705869
1459.590157
1589.513015
1654.474444
1784.397303
1849.358732
1914.320161
1914.320161
1914.320161
1849.358732
1654.474444
1524.551586
1394.628728
1134.783011
956.139081
728.774079
468.928362
265.923896
44.649028
-164.445572
-330.909234
-468.952271
-598.875129
-663.836558
-696.317273
-696.317273
-696.317273
-696.317273
-631.355844
-533.913700
-468.952271
-412.111020
-314.668877
-265.947805
-233.467090
-200.986376
-200.986376
-217.226733
-249.707448
-265.947805
-347.149591
-412.111020
-468.952271
-566.394415
-663.836558
-761.278702
-826.240131
-891.201560
-956.162990
-1004.884061
-1004.884061
-1069.845491
-1069.845491
-1004.884061
-956.162990
-923.682275
-858.720846
-761.278702
-728.797988
-663.836558
-598.875129
-533.913700
-468.952271
-428.351378
-379.630306
-347.149591
-298.428519
-233.467090
-217.226733
-200.986376
-172.565750
-131.964857
-91.363964
-83.243785
-75.123607
-32.492669
-8.132133
-8.132133
-0.011954
12.168314
8.108224
8.108224
-0.011954
-44.672937
-67.003428
-75.123607
-99.484143
-131.964857
-140.085036
-164.445572
-200.986376
-200.986376
-217.226733
-265.947805
-249.707448
-249.707448
-233.467090
-233.467090
-217.226733
-200.986376
-156.325393
-107.604321
-75.123607
-32.492669
20.288492
56.829296
75.099698
91.340055
107.580413
123.820770
123.820770
148.181306
164.421663
140.061127
99.460234
99.460234
91.340055
36.528850
-8.132133
-8.132133
-20.312401
-67.003428
-91.363964
-83.243785
-99.484143
-123.844679
-123.844679
-107.604321
-91.363964
-56.853205
-32.492669
-0.011954
56.829296
66.979520
66.979520
123.820770
156.301485
172.541842
200.962467
217.202824
249.683539
249.683539
233.443182
233.443182
217.202824
217.202824
200.962467
180.662021
172.541842
156.301485
172.541842
200.962467
188.782199
233.443182
314.644968
379.606397
501.409077
598.851221
696.293364
858.696937
1004.860153
1134.783011
1329.667299
1394.628728
1459.590157
1589.513015
1589.513015
1654.474444
1654.474444
1589.513015
1524.551586
1459.590157
1329.667299
1134.783011
1004.860153
858.696937
631.331935
444.567826
249.683539
60.889386
-91.363964
-249.707448
-379.630306
-501.432986
-566.394415
-598.875129
-631.355844
-631.355844
-598.875129
-566.394415
-533.913700
-468.952271
-412.111020
-395.870663
-363.389949
-314.668877
-298.428519
-282.188162
-282.188162
-314.668877
-330.909234
-395.870663
-444.591735
-501.432986
-566.394415
-631.355844
-696.317273
-761.278702
-793.759417
-826.240131
-858.720846
-891.201560
-891.201560
-891.201560
-891.201560
-858.720846
-826.240131
-793.759417
-761.278702
-728.797988
-663.836558
-631.355844
-566.394415
-533.913700
-501.432986
-412.111020
-363.389949
-298.428519
-233.467090
-217.226733
-148.205215
-83.243785
-67.003428
-4.072044
48.709118
75.099698
107.580413
148.181306
164.421663
172.541842
164.421663
148.181306
131.940949
123.820770
107.580413
83.219877
36.528850
8.108224
-52.793115
-123.844679
-156.325393
-188.806108
-217.226733
-249.707448
-265.947805
-265.947805
-298.428519
-282.188162
-265.947805
-249.707448
-233.467090
-217.226733
-172.565750
-140.085036
-99.484143
-40.612848
-0.011954
8.108224
20.288492
40.588939
60.889386
75.099698
83.219877
83.219877
66.979520
52.769207
12.168314
-32.492669
-67.003428
-83.243785
-99.484143
-107.604321
-148.205215
-180.685929
-180.685929
-200.986376
-233.467090
-217.226733
-200.986376
-180.685929
-148.205215
-91.363964
-40.612848
8.108224
60.889386
115.700591
172.541842
217.202824
249.683539
282.164254
298.404611
298.404611
298.404611
282.164254
265.923896
249.683539
200.962467
164.421663
172.541842
140.061127
123.820770
123.820770
131.940949
188.782199
249.683539
330.885325
412.087112
501.409077
598.851221
728.774079
858.696937
1004.860153
1134.783011
1199.744440
1329.667299
1394.628728
1459.590157
1524.551586
1524.551586
1459.590157
1459.590157
1394.628728
1264.705869
1134.783011
1004.860153
891.177652
761.254794
598.851221
428.327469
282.164254
131.940949
-4.072044
-115.724500
-200.986376
-265.947805
-347.149591
-379.630306
-412.111020
-444.591735
-444.591735
-412.111020
-395.870663
-379.630306
-347.149591
-314.668877
-314.668877
-330.909234
-330.909234
-330.909234
-347.149591
-363.389949
-379.630306
-412.111020
-468.952271
-501.432986
-533.913700
-566.394415
-598.875129
-631.355844
-663.836558
-728.797988
-728.797988
-728.797988
-793.759417
-793.759417
-793.759417
-761.278702
-761.278702
-761.278702
-728.797988
-728.797988
-696.317273
-631.355844
-598.875129
-566.394415
-533.913700
-468.952271
-444.591735
-412.111020
-379.630306
-347.149591
-282.188162
-233.467090
-180.685929
-140.085036
-115.724500
-91.363964
-75.123607
-20.312401
-0.011954
-28.432580
-24.372490
-8.132133
-24.372490
-40.612848
-36.552758
-56.853205
-83.243785
-99.484143
-107.604321
-115.724500
-115.724500
-156.325393
-172.565750
-164.445572
-172.565750
-180.685929
-164.445572
-156.325393
-148.205215
-115.724500
-83.243785
-56.853205
-36.552758
-12.192222
16.228403
28.408671
24.348582
48.709118
75.099698
107.580413
140.061127
148.181306
148.181306
123.820770
83.219877
60.889386
48.709118
40.588939
8.108224
-28.432580
-75.123607
-115.724500
-131.964857
-148.205215
-156.325393
-156.325393
-156.325393
-148.205215
-115.724500
-75.123607
-40.612848
-0.011954
48.709118
91.340055
156.301485
233.443182
265.923896
282.164254
330.885325
347.125683
363.366040
363.366040
363.366040
347.125683
298.404611
265.923896
249.683539
217.202824
200.962467
188.782199
200.962467
200.962467
217.202824
249.683539
282.164254
347.125683
428.327469
533.889792
663.812650
728.774079
858.696937
956.139081
1004.860153
1069.821582
1134.783011
1199.744440
1199.744440
1264.705869
1199.744440
1199.744440
1134.783011
1069.821582
956.139081
858.696937
696.293364
598.851221
501.409077
347.125683
217.202824
107.580413
28.408671
-28.432580
-91.363964
-164.445572
-217.226733
-265.947805
-314.668877
-314.668877
-314.668877
-314.668877
-282.188162
-249.707448
-265.947805
-233.467090
-249.707448
-233.467090
-217.226733
-265.947805
-298.428519
-314.668877
-347.149591
-379.630306
-444.591735
-501.432986
-533.913700
-598.875129
-631.355844
-696.317273
-761.278702
-793.759417
-793.759417
-793.759417
-761.278702
-761.278702
-761.278702
-761.278702
-761.278702
-728.797988
-728.797988
-696.317273
-631.355844
-566.394415
-533.913700
-468.952271
-428.351378
-412.111020
-379.630306
-347.149591
-330.909234
-282.188162
-265.947805
-265.947805
-233.467090
-233.467090
-233.467090
-233.467090
-233.467090
-217.226733
-200.986376
-164.445572
-156.325393
-172.565750
-172.565750
-200.986376
-172.565750
-131.964857
-131.964857
-131.964857
-115.724500
-83.243785
-67.003428
-52.793115
-20.312401
-24.372490
-16.252312
4.048135
-0.011954
8.108224
40.588939
66.979520
99.460234
131.940949
164.421663
180.662021
180.662021
164.421663
140.061127
148.181306
164.421663
172.541842
180.662021
164.421663
156.301485
140.061127
140.061127
123.820770
66.979520
44.649028
16.228403
-16.252312
-20.312401
-44.672937
-67.003428
-83.243785
-83.243785
-67.003428
-60.913294
-48.733026
-40.612848
-24.372490
16.228403
66.979520
115.700591
180.662021
233.443182
249.683539
249.683539
233.443182
282.164254
298.404611
298.404611
314.644968
282.164254
298.404611
298.404611
249.683539
249.683539
265.923896
265.923896
265.923896
265.923896
330.885325
379.606397
412.087112
501.409077
566.370506
631.331935
696.293364
761.254794
858.696937
891.177652
956.139081
1004.860153
1004.860153
1069.821582
1069.821582
1004.860153
956.139081
858.696937
793.735508
663.812650
566.370506
468.928362
347.125683
249.683539
123.820770
20.288492
-83.243785
-172.565750
-233.467090
-282.188162
-330.909234
-330.909234
-330.909234
-363.389949
-363.389949
-347.149591
-314.668877
-298.428519
-265.947805
-233.467090
-200.986376
-200.986376
-200.986376
-217.226733
-217.226733
-217.226733
-249.707448
-298.428519
-347.149591
-428.351378
-468.952271
-501.432986
-533.913700
-566.394415
-598.875129
-631.355844
-663.836558
-728.797988
-761.278702
-728.797988
-728.797988
-696.317273
-663.836558
-631.355844
-598.875129
-598.875129
-566.394415
-501.432986
-468.952271
-412.111020
-363.389949
-330.909234
-298.428519
-265.947805
-265.947805
-233.467090
-200.986376
-200.986376
-188.806108
-164.445572
-172.565750
-188.806108
-172.565750
-172.565750
-188.806108
-164.445572
-180.685929
-217.226733
-188.806108
-180.685929
-164.445572
-107.604321
-99.484143
-75.123607
-24.372490
-16.252312
-24.372490
-20.312401
-24.372490
-8.132133
16.228403
28.408671
44.649028
66.979520
83.219877
99.460234
123.820770
115.700591
123.820770
156.301485
140.061127
140.061127
156.301485
131.940949
123.820770
164.421663
188.782199
188.782199
188.782199
200.962467
172.541842
140.061127
131.940949
123.820770
123.820770
123.820770
107.580413
99.460234
83.219877
60.889386
44.649028
36.528850
32.468760
24.348582
20.288492
24.348582
28.408671
40.588939
52.769207
75.099698
99.460234
107.580413
99.460234
123.820770
172.541842
180.662021
188.782199
200.962467
200.962467
249.683539
282.164254
265.923896
298.404611
314.644968
298.404611
330.885325
363.366040
363.366040
395.846755
428.327469
444.567826
444.567826
444.567826
501.409077
533.889792
533.889792
566.370506
566.370506
566.370506
598.851221
598.851221
598.851221
598.851221
598.851221
566.370506
501.409077
468.928362
428.327469
395.846755
330.885325
265.923896
200.962467
140.061127
91.340055
44.649028
-12.192222
-99.484143
-148.205215
-200.986376
-249.707448
-265.947805
-298.428519
-298.428519
-282.188162
-282.188162
-282.188162
-249.707448
-249.707448
-265.947805
-249.707448
-233.467090
-265.947805
-282.188162
-265.947805
-282.188162
-314.668877
-330.909234
-330.909234
-363.389949
-412.111020
-428.351378
-468.952271
-501.432986
-533.913700
-566.394415
-566.394415
-598.875129
-631.355844
-598.875129
-598.875129
-598.875129
-533.913700
-533.913700
-501.432986
-444.591735
-412.111020
-363.389949
-330.909234
-314.668877
-265.947805
-233.467090
-217.226733
-164.445572
-123.844679
-83.243785
-56.853205
-52.793115
-60.913294
-83.243785
-75.123607
-67.003428
-36.552758
-16.252312
-32.492669
-24.372490
-32.492669
-67.003428
-52.793115
-24.372490
-4.072044
16.228403
-16.252312
-36.552758
-0.011954
-8.132133
-20.312401
-8.132133
-4.072044
20.288492
32.468760
16.228403
32.468760
48.709118
28.408671
32.468760
24.348582
12.168314
48.709118
60.889386
56.829296
83.219877
91.340055
83.219877
91.340055
91.340055
99.460234
115.700591
107.580413
99.460234
75.099698
75.099698
60.889386
66.979520
66.979520
44.649028
40.588939
48.709118
40.588939
32.468760
16.228403
20.288492
28.408671
36.528850
48.709118
44.649028
56.829296
91.340055
99.460234
99.460234
123.820770
148.181306
172.541842
200.962467
217.202824
233.443182
233.443182
265.923896
282.164254
314.644968
314.644968
330.885325
363.366040
347.125683
330.885325
330.885325
330.885325
379.606397
379.606397
347.125683
347.125683
363.366040
363.366040
363.366040
379.606397
395.846755
412.087112
428.327469
395.846755
412.087112
412.087112
395.846755
395.846755
363.366040
347.125683
347.125683
298.404611
265.923896
233.443182
172.541842
156.301485
148.181306
66.979520
28.408671
-0.011954
-40.612848
-75.123607
-115.724500
-148.205215
-172.565750
-200.986376
-188.806108
-200.986376
-233.467090
-200.986376
-200.986376
-249.707448
-233.467090
-233.467090
-217.226733
-217.226733
-233.467090
-249.707448
-265.947805
-282.188162
-298.428519
-314.668877
-298.428519
-330.909234
-379.630306
-412.111020
-468.952271
-468.952271
-428.351378
-468.952271
-444.591735
-444.591735
-468.952271
-428.351378
-412.111020
-412.111020
-379.630306
-363.389949
-330.909234
-298.428519
-298.428519
-282.188162
-233.467090
-233.467090
-249.707448
-233.467090
-200.986376
-200.986376
-180.685929
-180.685929
-180.685929
-172.565750
-180.685929
-180.685929
-180.685929
-164.445572
-115.724500
-131.964857
-148.205215
-148.205215
-156.325393
-123.844679
-99.484143
-75.123607
-60.913294
-60.913294
-28.432580
-0.011954
16.228403
16.228403
16.228403
32.468760
24.348582
24.348582
28.408671
4.048135
16.228403
20.288492
16.228403
32.468760
12.168314
-0.011954
-4.072044
12.168314
56.829296
52.769207
28.408671
40.588939
48.709118
66.979520
91.340055
99.460234
99.460234
107.580413
123.820770
123.820770
148.181306
140.061127
131.940949
131.940949
148.181306
172.541842
156.301485
148.181306
156.301485
164.421663
188.782199
188.782199
180.662021
200.962467
188.782199
217.202824
233.443182
233.443182
265.923896
265.923896
265.923896
282.164254
282.164254
298.404611
298.404611
282.164254
265.923896
265.923896
282.164254
282.164254
265.923896
265.923896
249.683539
249.683539
282.164254
265.923896
249.683539
282.164254
298.404611
282.164254
282.164254
298.404611
282.164254
298.404611
314.644968
314.644968
298.404611
282.164254
282.164254
265.923896
249.683539
217.202824
200.962467
217.202824
188.782199
140.061127
91.340055
52.769207
56.829296
75.099698
36.528850
12.168314
-0.011954
-28.432580
-20.312401
-32.492669
-48.733026
-44.672937
-48.733026
-40.612848
-48.733026
-60.913294
-56.853205
-75.123607
-91.363964
-75.123607
-67.003428
-107.604321
-140.085036
-164.445572
-217.226733
-249.707448
-249.707448
-282.188162
-282.188162
-314.668877
-363.389949
-363.389949
-363.389949
-379.630306
-379.630306
-379.630306
-379.630306
-363.389949
-347.149591
-363.389949
-379.630306
-379.630306
-363.389949
-330.909234
-314.668877
-314.668877
-347.149591
-379.630306
-347.149591
-347.149591
-347.149591
-314.668877
-314.668877
-314.668877
-314.668877
-314.668877
-314.668877
-314.668877
-298.428519
-265.947805
-249.707448
-249.707448
-249.707448
-200.986376
-180.685929
-172.565750
-140.085036
-156.325393
-140.085036
-83.243785
-75.123607
-67.003428
-40.612848
-36.552758
-16.252312
-0.011954
16.228403
32.468760
24.348582
24.348582
36.528850
24.348582
12.168314
36.528850
28.408671
24.348582
66.979520
60.889386
32.468760
52.769207
75.099698
83.219877
83.219877
83.219877
91.340055
99.460234
83.219877
83.219877
115.700591
107.580413
99.460234
148.181306
148.181306
131.940949
156.301485
156.301485
156.301485
148.181306
140.061127
164.421663
188.782199
172.541842
164.421663
164.421663
156.301485
172.541842
200.962467
217.202824
217.202824
217.202824
233.443182
233.443182
217.202824
200.962467
233.443182
249.683539
233.443182
233.443182
265.923896
249.683539
282.164254
298.404611
265.923896
282.164254
265.923896
249.683539
298.404611
298.404611
265.923896
265.923896
265.923896
282.164254
265.923896
233.443182
233.443182
249.683539
217.202824
217.202824
233.443182
188.782199
172.541842
188.782199
148.181306
140.061127
140.061127
91.340055
91.340055
115.700591
60.889386
48.709118
66.979520
36.528850
48.709118
56.829296
24.348582
24.348582
-4.072044
-12.192222
8.108224
-12.192222
-28.432580
-24.372490
-52.793115
-83.243785
-75.123607
-91.363964
-123.844679
-131.964857
-131.964857
-148.205215
-156.325393
-172.565750
-164.445572
-164.445572
-200.986376
-233.467090
-217.226733
-233.467090
-233.467090
-249.707448
-282.188162
-249.707448
-249.707448
-265.947805
-249.707448
-265.947805
-298.428519
-265.947805
-265.947805
-298.428519
-265.947805
-265.947805
-249.707448
-217.226733
-217.226733
-233.467090
-217.226733
-233.467090
-217.226733
-217.226733
-233.467090
-217.226733
-200.986376
-200.986376
-200.986376
-200.986376
-200.986376
-180.685929
-164.445572
-180.685929
-148.205215
-123.844679
-156.325393
-164.445572
-140.085036
-140.085036
-115.724500
-99.484143
-83.243785
-48.733026
-56.853205
-36.552758
4.048135
-12.192222
-24.372490
4.048135
12.168314
-0.011954
-12.192222
-12.192222
8.108224
8.108224
-20.312401
-20.312401
-8.132133
-24.372490
-8.132133
-16.252312
-40.612848
-16.252312
-0.011954
-8.132133
-0.011954
16.228403
4.048135
20.288492
28.408671
12.168314
24.348582
52.769207
60.889386
75.099698
83.219877
99.460234
107.580413
91.340055
107.580413
123.820770
107.580413
123.820770
123.820770
99.460234
131.940949
131.940949
123.820770
148.181306
123.820770
148.181306
172.541842
148.181306
148.181306
188.782199
164.421663
164.421663
200.962467
200.962467
200.962467
217.202824
200.962467
217.202824
249.683539
233.443182
200.962467
217.202824
217.202824
200.962467
217.202824
217.202824
188.782199
200.962467
200.962467
180.662021
200.962467
188.782199
156.301485
180.662021
172.541842
164.421663
164.421663
148.181306
156.301485
140.061127
123.820770
107.580413
91.340055
99.460234
83.219877
75.099698
48.709118
40.588939
52.769207
20.288492
16.228403
24.348582
-8.132133
-12.192222
-0.011954
-0.011954
-0.011954
-20.312401
-32.492669
-28.432580
-32.492669
-48.733026
-60.913294
-40.612848
-36.552758
-67.003428
-91.363964
-83.243785
-91.363964
-123.844679
-140.085036
-140.085036
-140.085036
-140.085036
-156.325393
-172.565750
-156.325393
-156.325393
-148.205215
-131.964857
-156.325393
-156.325393
-140.085036
-148.205215
-131.964857
-123.844679
-148.205215
-140.085036
-140.085036
-148.205215
-140.085036
-148.205215
-148.205215
-148.205215
-164.445572
-188.806108
-188.806108
-172.565750
-172.565750
-180.685929
-180.685929
-180.685929
-172.565750
-188.806108
-200.986376
-156.325393
-172.565750
-200.986376
-164.445572
-148.205215
-131.964857
-115.724500
-115.724500
-99.484143
-91.363964
-91.363964
-91.363964
-56.853205
-67.003428
-83.243785
-44.672937
-32.492669
-28.432580
-24.372490
-48.733026
-36.552758
-8.132133
-16.252312
-20.312401
12.168314
24.348582
-0.011954
4.048135
12.168314
12.168314
40.588939
40.588939
24.348582
48.709118
52.769207
40.588939
40.588939
48.709118
66.979520
91.340055
91.340055
75.099698
99.460234
107.580413
60.889386
66.979520
83.219877
75.099698
83.219877
75.099698
66.979520
91.340055
83.219877
56.829296
60.889386
60.889386
40.588939
56.829296
75.099698
66.979520
75.099698
75.099698
75.099698
99.460234
99.460234
99.460234
107.580413
75.099698
83.219877
83.219877
83.219877
131.940949
131.940949
123.820770
164.421663
172.541842
164.421663
180.662021
164.421663
140.061127
131.940949
131.940949
115.700591
123.820770
172.541842
156.301485
123.820770
131.940949
131.940949
107.580413
107.580413
107.580413
107.580413
99.460234
75.099698
75.099698
83.219877
83.219877
83.219877
83.219877
83.219877
56.829296
40.588939
66.979520
48.709118
40.588939
66.979520
44.649028
48.709118
75.099698
36.528850
12.168314
20.288492
-0.011954
-28.432580
-40.612848
-36.552758
-52.793115
-75.123607
-75.123607
-67.003428
-99.484143
-140.085036
-131.964857
-148.205215
-172.565750
-123.844679
-115.724500
-148.205215
-131.964857
-115.724500
-123.844679
-131.964857
-140.085036
-140.085036
-131.964857
-140.085036
-148.205215
-123.844679
-123.844679
-115.724500
-107.604321
-107.604321
-107.604321
-99.484143
-115.724500
-123.844679
-140.085036
-131.964857
-107.604321
-123.844679
-115.724500
-91.363964
-83.243785
-91.363964
-91.363964
-99.484143
-123.844679
-99.484143
-83.243785
-99.484143
-83.243785
-67.003428
-48.733026
-16.252312
-36.552758
-44.672937
-32.492669
-28.432580
-24.372490
-40.612848
-32.492669
-12.192222
-20.312401
-24.372490
-24.372490
-16.252312
-16.252312
-12.192222
-8.132133
-12.192222
-16.252312
-32.492669
-8.132133
8.108224
-20.312401
-16.252312
24.348582
20.288492
-12.192222
-8.132133
-0.011954
-12.192222
12.168314
36.528850
4.048135
4.048135
28.408671
20.288492
20.288492
24.348582
8.108224
12.168314
24.348582
12.168314
8.108224
20.288492
12.168314
-0.011954
20.288492
20.288492
16.228403
44.649028
44.649028
12.168314
16.228403
32.468760
24.348582
28.408671
44.649028
44.649028
36.528850
44.649028
52.769207
44.649028
44.649028
66.979520
83.219877
75.099698
91.340055
107.580413
107.580413
131.940949
148.181306
156.301485
140.061127
140.061127
140.061127
115.700591
107.580413
123.820770
131.940949
140.061127
115.700591
91.340055
91.340055
99.460234
107.580413
99.460234
107.580413
107.580413
99.460234
107.580413
91.340055
99.460234
115.700591
83.219877
66.979520
83.219877
75.099698
75.099698
91.340055
66.979520
36.528850
48.709118
48.709118
32.468760
28.408671
36.528850
20.288492
-4.072044
4.048135
12.168314
-32.492669
-36.552758
-36.552758
-56.853205
-52.793115
-75.123607
-83.243785
-60.913294
-75.123607
-91.363964
-83.243785
-75.123607
-67.003428
-75.123607
-91.363964
-91.363964
-83.243785
-83.243785
-91.363964
-91.363964
-107.604321
-107.604321
-99.484143
-91.363964
-75.123607
-75.123607
-83.243785
-99.484143
-83.243785
-60.913294
-75.123607
-67.003428
-60.913294
-44.672937
-40.612848
-75.123607
-91.363964
-91.363964
-99.484143
-107.604321
-91.363964
-67.003428
-67.003428
-75.123607
-67.003428
-48.733026
-44.672937
-60.913294
-75.123607
-75.123607
-44.672937
-52.793115
-67.003428
-28.432580
-20.312401
-36.552758
-24.372490
-8.132133
-12.192222
-40.612848
-52.793115
-56.853205
-52.793115
-32.492669
-16.252312
-12.192222
4.048135
-8.132133
-24.372490
-12.192222
-32.492669
-32.492669
-40.612848
-52.793115
-20.312401
-20.312401
-20.312401
-0.011954
4.048135
8.108224
-4.072044
-8.132133
4.048135
-0.011954
-4.072044
-0.011954
-4.072044
-4.072044
12.168314
16.228403
8.108224
-0.011954
-8.132133
-16.252312
-16.252312
-16.252312
-20.312401
-16.252312
8.108224
40.588939
32.468760
20.288492
32.468760
40.588939
40.588939
48.709118
52.769207
36.528850
20.288492
28.408671
36.528850
40.588939
75.099698
99.460234
83.219877
75.099698
66.979520
75.099698
99.460234
99.460234
107.580413
123.820770
131.940949
115.700591
99.460234
91.340055
66.979520
83.219877
91.340055
75.099698
91.340055
99.460234
83.219877
83.219877
99.460234
107.580413
107.580413
91.340055
56.829296
32.468760
32.468760
40.588939
44.649028
32.468760
32.468760
52.769207
52.769207
28.408671
24.348582
44.649028
36.528850
12.168314
8.108224
-0.011954
-16.252312
-12.192222
-20.312401
-32.492669
-24.372490
-24.372490
-28.432580
-48.733026
-52.793115
-44.672937
-36.552758
-24.372490
-32.492669
-52.793115
-67.003428
-75.123607
-99.484143
-115.724500
-83.243785
-67.003428
-83.243785
-83.243785
-75.123607
-83.243785
-83.243785
-60.913294
-52.793115
-40.612848
-40.612848
-36.552758
-24.372490
-32.492669
-36.552758
-16.252312
-0.011954
8.108224
24.348582
8.108224
-0.011954
8.108224
-0.011954
-24.372490
-12.192222
-4.072044
-0.011954
-4.072044
-4.072044
16.228403
20.288492
4.048135
12.168314
20.288492
4.048135
-4.072044
-8.132133
-4.072044
-12.192222
-28.432580
-16.252312
-4.072044
-0.011954
-4.072044
-8.132133
-0.011954
12.168314
28.408671
52.769207
52.769207
4.048135
-24.372490
-20.312401
-44.672937
-36.552758
-12.192222
-16.252312
-16.252312
-28.432580
-24.372490
-20.312401
-4.072044
4.048135
-16.252312
-20.312401
-12.192222
-16.252312
-44.672937
-56.853205
-20.312401
-32.492669
-32.492669
4.048135
-12.192222
-48.733026
-75.123607
-83.243785
-44.672937
-28.432580
-36.552758
-40.612848
-28.432580
-0.011954
-4.072044
-8.132133
4.048135
12.168314
28.408671
20.288492
16.228403
12.168314
12.168314
24.348582
24.348582
24.348582
20.288492
4.048135
8.108224
16.228403
48.709118
66.979520
48.709118
44.649028
66.979520
83.219877
66.979520
44.649028
40.588939
52.769207
48.709118
44.649028
28.408671
12.168314
28.408671
75.099698
91.340055
60.889386
60.889386
75.099698
60.889386
52.769207
52.769207
32.468760
16.228403
20.288492
48.709118
66.979520
32.468760
4.048135
16.228403
8.108224
-0.011954
-8.132133
-24.372490
-12.192222
-8.132133
-12.192222
-0.011954
-0.011954
-8.132133
-16.252312
-36.552758
-40.612848
-40.612848
-44.672937
-32.492669
-36.552758
-48.733026
-32.492669
-28.432580
-44.672937
-56.853205
-52.793115
-36.552758
-28.432580
-67.003428
-60.913294
-24.372490
-32.492669
-24.372490
-48.733026
-60.913294
-20.312401
-28.432580
-83.243785
-83.243785
-67.003428
-48.733026
-32.492669
-8.132133
8.108224
-4.072044
-16.252312
-24.372490
-40.612848
-28.432580
-44.672937
-44.672937
-4.072044
-12.192222
-28.432580
-20.312401
-12.192222
4.048135
28.408671
40.588939
24.348582
-0.011954
8.108224
8.108224
-0.011954
36.528850
44.649028
24.348582
12.168314
4.048135
16.228403
24.348582
16.228403
8.108224
8.108224
8.108224
4.048135
-4.072044
-4.072044
20.288492
48.709118
28.408671
8.108224
20.288492
32.468760
48.709118
52.769207
28.408671
28.408671
32.468760
32.468760
36.528850
12.168314
