21.694319 27.0 
31.726652 19.0 
19.658386 38.0 
28.989098 25.0 
36.931633 21.0 
21.522539 24.0 
19.771748 25.0 
30.161734 20.0 
25.062346 28.0 
19.345242 24.0 
24.426935 24.0 
23.858303 23.0 
22.517105 34.0 
22.659035 28.0 
17.920910 27.0 
22.811987 33.0 
17.670738 41.0 
25.955906 31.0 
20.027439 29.0 
27.346174 27.0 
23.882475 27.0 
22.733423 32.0 
26.682217 19.0 
122.944992 16.0 
1761.964966 1.0 
9207.509766 1.0 
18363.396484 2.0 
117135.601563 1.0 
9903.119141 5.0 
203954.703125 3.0 
245832.640625 4.0 
182146.640625 4.0 
711480.187500 3.0 
561545.062500 4.0 
530989.812500 4.0 
1514003.875000 3.0 
340985.312500 3.0 
1602697.000000 4.0 
2076552.750000 3.0 
266005.031250 5.0 
2513100.500000 5.0 
3159432.750000 5.0 
848087.250000 5.0 
3885381.750000 6.0 
3165169.500000 5.0 
911406.062500 5.0 
3106619.250000 6.0 
2857736.250000 5.0 
1008164.750000 7.0 
3822645.500000 6.0 
3003268.500000 7.0 
1066681.250000 7.0 
3555926.750000 6.0 
2392297.250000 6.0 
698738.187500 7.0 
2291703.000000 7.0 
1706230.375000 3.0 
430855.562500 3.0 
1414951.375000 8.0 
609688.750000 1.0 
512380.312500 1.0 
604883.625000 2.0 
496856.406250 1.0 
129851.250000 2.0 
45752.843750 9.0 
16122.496094 19.0 
3664.602539 67.0 
3856.328369 59.0 
5259.462891 63.0 
5770.751465 46.0 
6346.915039 61.0 
8954.733398 60.0 
22031.890625 28.0 
20538.525391 46.0 
17964.501953 58.0 
5852.131348 60.0 
17007.726563 67.0 
28429.734375 67.0 
14483.686523 65.0 
31428.609375 60.0 
26295.955078 63.0 
44035.160156 61.0 
68880.742188 62.0 
35316.179688 66.0 
25178.949219 55.0 
47973.609375 65.0 
30020.380859 59.0 
24424.195313 61.0 
18293.449219 59.0 
24654.605469 65.0 
26125.607422 61.0 
16519.953125 53.0 
21093.117188 63.0 
18122.099609 51.0 
11736.522461 59.0 
20562.796875 60.0 
25176.904297 62.0 
17812.867188 64.0 
28004.044922 62.0 
10750.619141 64.0 
18526.380859 61.0 
10676.361328 62.0 
13608.371094 62.0 
19026.699219 59.0 
11655.298828 60.0 
13039.384766 61.0 
21328.052734 65.0 
21888.630859 65.0 
18738.671875 63.0 
22109.242188 64.0 
7770.326172 60.0 
16151.335938 61.0 
8339.007813 61.0 
9391.162109 56.0 
5712.374512 54.0 
835.611084 60.0 
493.997742 61.0 
466.973236 47.0 
121.821121 34.0 
56.694908 45.0 
89.947411 27.0 
610.818970 16.0 
963.422607 7.0 
216.674545 15.0 
260.301636 9.0 
43.193428 36.0 
83.748909 13.0 
68.035034 20.0 
28.851757 27.0 
27.892937 27.0 
41.302601 13.0 
30.412109 25.0 
27.384031 27.0 
29.913275 27.0 
20.889421 19.0 
29.438065 27.0 
23.593681 26.0 
21.543272 26.0 
16.741425 32.0 
19.519495 28.0 
18.762526 43.0 
17.410301 37.0 
