50.149837 35.0 
48.060532 27.0 
43.011730 38.0 
39.221573 32.0 
27.860882 37.0 
36.836334 37.0 
49.567001 24.0 
48.633652 23.0 
45.607460 21.0 
32.672188 36.0 
16.062078 38.0 
26.810066 27.0 
47.689747 15.0 
56.282558 19.0 
43.183506 23.0 
32.050915 32.0 
49.102829 35.0 
52.079662 38.0 
49.500938 26.0 
40.032848 33.0 
27.932781 39.0 
44.356766 32.0 
54.641045 29.0 
60.384281 25.0 
224.649109 9.0 
219.529648 13.0 
7510.618652 6.0 
63437.015625 1.0 
116293.242188 3.0 
50633.910156 2.0 
69839.601563 1.0 
307364.000000 2.0 
169826.453125 4.0 
351999.156250 3.0 
608941.062500 4.0 
119710.781250 4.0 
1009265.250000 4.0 
1015549.187500 4.0 
523794.406250 6.0 
1726348.375000 4.0 
1532527.625000 1.0 
818283.687500 3.0 
2471163.000000 8.0 
1676811.000000 5.0 
2078353.000000 7.0 
3597513.000000 6.0 
2062077.750000 5.0 
2769216.250000 5.0 
3730863.000000 6.0 
3080903.250000 5.0 
1627784.375000 6.0 
3809522.000000 5.0 
3309667.000000 5.0 
949437.250000 5.0 
3807830.750000 5.0 
3276173.000000 4.0 
1080237.750000 3.0 
3232312.250000 6.0 
2624223.750000 4.0 
1621583.375000 1.0 
1436788.000000 3.0 
1811290.375000 2.0 
883894.812500 3.0 
620602.625000 2.0 
576086.375000 1.0 
454241.843750 1.0 
142923.343750 1.0 
55512.160156 4.0 
29671.000000 7.0 
3032.718018 58.0 
2909.666260 57.0 
3549.879150 57.0 
5266.503906 57.0 
7982.220215 50.0 
7321.646973 58.0 
13505.071289 60.0 
19703.294922 67.0 
23969.347656 69.0 
69640.101563 69.0 
53828.468750 68.0 
55735.750000 69.0 
17054.238281 67.0 
68880.007813 70.0 
27999.203125 65.0 
29595.740234 58.0 
7909.067383 64.0 
21457.832031 65.0 
45093.921875 61.0 
38554.703125 63.0 
33605.125000 63.0 
49995.734375 68.0 
71443.804688 64.0 
53734.011719 64.0 
64083.664063 66.0 
84656.000000 65.0 
105706.296875 67.0 
68575.734375 63.0 
54363.570313 63.0 
59125.398438 64.0 
67961.710938 63.0 
69289.843750 64.0 
58789.324219 62.0 
38470.761719 63.0 
24632.027344 60.0 
29520.630859 58.0 
46276.566406 64.0 
31035.443359 62.0 
15434.326172 62.0 
6417.876953 57.0 
4570.345215 56.0 
3480.125732 63.0 
3091.190430 59.0 
3103.061768 36.0 
1571.688721 51.0 
280.670380 40.0 
523.144470 21.0 
380.498474 29.0 
156.723755 36.0 
200.107849 26.0 
86.366409 27.0 
120.600723 30.0 
144.900162 27.0 
97.271126 25.0 
96.855515 25.0 
168.123840 9.0 
131.027512 11.0 
115.312057 9.0 
39.521000 21.0 
