67.920250 30.0 
42.745323 28.0 
44.495567 33.0 
46.760483 34.0 
69.469627 33.0 
67.606506 23.0 
43.029686 31.0 
65.684685 31.0 
51.099464 34.0 
31.528004 28.0 
48.162819 28.0 
41.009678 29.0 
40.465599 35.0 
27.375521 41.0 
66.983955 33.0 
67.145714 32.0 
41.044067 33.0 
56.325645 37.0 
44.877964 34.0 
61.002594 18.0 
52.457481 35.0 
43.583633 24.0 
73.273903 19.0 
123.100166 16.0 
698.341797 5.0 
3069.474365 3.0 
37748.886719 2.0 
112867.789063 5.0 
82534.984375 4.0 
215062.703125 3.0 
45307.820313 5.0 
493620.531250 3.0 
581280.812500 4.0 
233323.546875 4.0 
1045091.625000 4.0 
1105071.125000 5.0 
511289.406250 3.0 
1851532.750000 4.0 
1789909.500000 3.0 
928030.812500 3.0 
2818427.750000 8.0 
1754617.750000 3.0 
2417054.500000 5.0 
3827879.250000 6.0 
1206047.375000 5.0 
3866155.750000 5.0 
3490227.500000 5.0 
909058.000000 5.0 
3756275.000000 6.0 
3085521.000000 5.0 
868643.250000 5.0 
3762838.750000 6.0 
3071463.000000 6.0 
901448.062500 6.0 
3476582.500000 6.0 
2541046.250000 7.0 
928949.375000 5.0 
2548523.250000 6.0 
847645.437500 3.0 
1806716.750000 1.0 
899235.375000 2.0 
441886.000000 1.0 
880669.187500 1.0 
348349.281250 2.0 
290171.812500 1.0 
146341.515625 3.0 
60815.691406 1.0 
11289.611328 9.0 
9350.606445 24.0 
8276.615234 55.0 
8155.113281 65.0 
10019.163086 50.0 
5611.657715 51.0 
8243.628906 64.0 
22651.517578 65.0 
24818.632813 65.0 
39406.324219 63.0 
27108.953125 64.0 
16555.667969 58.0 
9755.382813 67.0 
28330.500000 66.0 
15656.334961 62.0 
42797.914063 66.0 
180004.437500 66.0 
48190.394531 66.0 
91214.320313 65.0 
152585.796875 67.0 
112711.250000 66.0 
65189.101563 63.0 
62005.003906 67.0 
75871.906250 63.0 
101053.460938 64.0 
109528.351563 64.0 
43822.191406 70.0 
158306.140625 63.0 
122214.398438 64.0 
211820.593750 62.0 
102831.570313 55.0 
120859.789063 61.0 
75289.812500 61.0 
160779.312500 63.0 
67335.710938 54.0 
34441.699219 60.0 
52031.304688 64.0 
64587.726563 52.0 
64519.593750 62.0 
24158.140625 59.0 
32801.894531 60.0 
64601.480469 64.0 
27152.562500 53.0 
24554.294922 61.0 
22475.214844 66.0 
19552.548828 54.0 
16605.525391 53.0 
5124.400879 46.0 
4300.591797 46.0 
2285.762207 25.0 
964.756775 38.0 
1367.648315 31.0 
2433.706299 3.0 
661.134705 11.0 
817.576416 9.0 
837.910889 6.0 
246.831604 23.0 
690.075073 11.0 
1054.097412 8.0 
644.657288 7.0 
547.218445 5.0 
336.624817 19.0 
172.985550 25.0 
92.139580 27.0 
73.028717 31.0 
39.578369 36.0 
36.822697 28.0 
61.199005 35.0 
85.986671 24.0 
72.572693 25.0 
55.438343 24.0 
55.438129 35.0 
49.153141 31.0 
55.467682 32.0 
37.719990 31.0 
47.123398 31.0 
51.883854 25.0 
42.421612 31.0 
47.770561 34.0 
29.292444 23.0 
30.812223 31.0 
46.015392 31.0 
48.702003 33.0 
59.183800 28.0 
33.180363 35.0 
81.552620 26.0 
38.122185 29.0 
56.506939 30.0 
