25.116350 36.0 
32.692825 29.0 
34.341721 32.0 
49.041309 28.0 
34.752422 20.0 
34.122211 32.0 
43.155746 28.0 
40.530800 33.0 
39.671200 31.0 
36.210133 40.0 
35.967117 34.0 
62.984238 30.0 
31.884527 35.0 
58.766205 21.0 
46.294552 26.0 
43.454735 23.0 
66.361351 24.0 
26.489595 43.0 
42.931553 28.0 
39.204224 27.0 
53.408314 30.0 
44.585346 23.0 
57.962738 38.0 
59.401695 33.0 
43.944965 27.0 
26.886677 32.0 
34.407227 36.0 
31.870573 37.0 
30.665695 25.0 
32.258305 34.0 
53.324375 28.0 
34.000927 32.0 
46.761784 28.0 
43.305008 30.0 
55.678799 31.0 
44.332924 29.0 
53.740028 32.0 
81.222603 22.0 
72.774368 30.0 
60.277691 31.0 
63.297016 32.0 
45.804287 29.0 
45.159496 31.0 
63.086987 30.0 
70.957321 22.0 
52.464832 23.0 
45.514904 21.0 
53.826855 31.0 
41.651974 31.0 
45.995922 28.0 
161.077225 22.0 
1154.635620 5.0 
9210.300781 2.0 
37898.976563 1.0 
49990.343750 3.0 
95858.093750 2.0 
39551.890625 3.0 
310640.031250 3.0 
263877.093750 4.0 
263326.187500 3.0 
757310.625000 4.0 
410122.812500 4.0 
825534.312500 4.0 
1579595.375000 3.0 
157895.093750 5.0 
1999728.000000 1.0 
1983932.000000 4.0 
267808.093750 0.0 
2589775.750000 2.0 
2812038.000000 4.0 
522099.125000 4.0 
3630964.750000 6.0 
3768369.000000 5.0 
1057821.125000 6.0 
3995988.500000 5.0 
3250313.000000 6.0 
1363641.625000 3.0 
3398820.250000 5.0 
3309288.250000 4.0 
1972397.875000 5.0 
2320614.000000 3.0 
2721205.000000 4.0 
1542473.875000 1.0 
1604504.500000 1.0 
1557742.250000 6.0 
629488.937500 1.0 
1122586.125000 1.0 
626358.750000 2.0 
548333.625000 1.0 
82451.562500 2.0 
11333.401367 10.0 
7315.568848 26.0 
7267.747070 52.0 
10736.495117 46.0 
15016.428711 56.0 
38949.343750 54.0 
13875.138672 60.0 
14425.067383 62.0 
19378.681641 65.0 
36280.878906 68.0 
30737.869141 70.0 
25480.328125 58.0 
29119.152344 64.0 
69581.898438 66.0 
46432.933594 68.0 
40014.437500 66.0 
36309.550781 67.0 
32328.500000 73.0 
46255.363281 65.0 
39310.335938 68.0 
101835.359375 68.0 
32363.685547 67.0 
92761.968750 68.0 
63196.386719 67.0 
50789.429688 65.0 
43619.300781 64.0 
52500.765625 64.0 
90840.523438 63.0 
63693.285156 67.0 
158577.937500 68.0 
48322.753906 47.0 
138790.953125 67.0 
102193.757813 66.0 
113695.320313 66.0 
43763.468750 65.0 
39310.656250 67.0 
31648.222656 66.0 
29125.587891 59.0 
27874.806641 54.0 
26861.025391 34.0 
33248.261719 51.0 
8076.478516 37.0 
7378.614258 51.0 
6233.291016 26.0 
8155.865234 20.0 
4280.671875 17.0 
2897.506592 28.0 
4515.899902 5.0 
1957.097656 6.0 
1032.310303 22.0 
363.442017 29.0 
843.276123 16.0 
390.785187 13.0 
172.014572 23.0 
156.448166 17.0 
112.247063 15.0 
134.710464 24.0 
130.188324 9.0 
134.641663 24.0 
122.075394 21.0 
75.267433 23.0 
71.340630 26.0 
44.221069 24.0 
61.213482 21.0 
60.139698 25.0 
40.488480 32.0 
55.594986 30.0 
49.745853 34.0 
48.369267 19.0 
49.124977 28.0 
27.349297 41.0 
58.401669 36.0 
49.718857 23.0 
54.047787 27.0 
47.976837 24.0 
62.997749 28.0 
48.728134 30.0 
47.808285 22.0 
47.158867 26.0 
27.433161 24.0 
